5504110
1622037
659837168
650979435
638109616
628562694
622984475
599772869
585355071
594169328
579449729
588865280
580077569
552738211
521722401
525627862
510534617
513006669
488975106
481307115
474839412
437320856
444278453
438322736
421394212
406754384
412920647
395463746
381690506
367930043
365605977
357985415
352522528
347010836
318683816
323366499
556167646
575529178
570623394
559235518
551747409
311328854
286532544
258239737
283364828
251416643
259645945
254574254
247982789
253607023
240594427
244145983
235778430
241656742
219765950
229495912
210966891
213444648
204885124
220471368
197213474
208393513
199617356
221268604
189281445
219681119
192139208
209261281
192950848
197850254
188941124
176256317
308228669
408685159
414725977
403771123
401390817
399531800
391019043
204461369
172274406
162402851
170478053
169451723
180134237
169046054
170183037
153799774
160728627
162345443
150961071
164950868
166358536
165407685
166923685
153684206
157003647
173470295
145116999
159972961
145864166
160125516
152631981
161280445
150958037
156070923
152889149
149445241
161476704
144586650
154857201
138131242
148513001
152025427
139398868
152004817
141818648
152683480
148781981
143106981
155317278
137081796
146287203
141912573
135665111
144675446
128215167
