3923648
3346981
1226185
1427889
1812556
1084610
1671203
1940945
67961201
79654720
74737096
4820222
87896499
80651072
79302460
4052816
77425664
70362242
70870203
62992313
69388688
81560888
73870703
77522184
81782517
76179406
72860407
81265615
76138052
78076505
3844592
77824665
75730316
73560758
77556757
75217721
80767591
80238182
82860023
85370721
80351094
81621535
4119685
3519463
74956742
80305815
96192648
171225222
171696718
175798909
171912944
147998186
73048593
72717889
73451777
74101627
68998113
68954910
69739759
69784685
66471424
72036535
68639258
67502962
69450922
70237797
2414537
72850037
3616555
3572926
165164522
159381961
159035222
161334888
63141332
62142835
2608444
62735261
64888389
70065002
2864498
67487611
65143238
63369389
64860813
66847408
61032444
63205353
67377239
60696389
66241615
74588833
63803924
71728387
