3903278
3404389
1525445
1645371
2206074
1301574
2162110
2254740
3438926
5104944
2840778
3438945
4621964
5001463
2948129
3680111
4406796
69003517
80479404
68207980
69574981
75433446
73065018
71232464
74485612
74308851
72191202
73291390
71253279
70397648
3005482
3093981
74086130
73541838
70545352
73781132
77042651
86573368
3262815
3663333
4441889
3606203
4102074
3235722
4368630
73062480
109897978
166054385
174004058
177729519
170925904
161670916
71429761
69303554
67504779
73809868
69205593
70085946
69612649
67511464
68128426
67249298
67928278
3226184
3729667
2763871
3061074
118596628
4203185
3713093
165360366
157251939
162671001
64903103
2387946
2757260
3021502
2497111
3137464
3535520
3596574
2540685
64291448
65556166
63073333
64158961
64628903
61517001
62082205
64489167
68665557
66463872
68203185
