7699223
4216334
4039092
3292111
4880391
3857204
4400426
4018148
2971259
3177741
4199110
5446408
3144147
5060277
4840926
4876184
4012611
3652499
3762463
3992779
2789963
3847389
4596147
3444518
3804148
2678242
3203778
3280666
2752777
3074278
4040778
3726999
3853592
3054352
3730240
4590778
3775185
4148871
2898537
4359167
4305852
4467390
6545074
5391593
4393482
4235242
4382371
3182222
2769703
2941202
3929148
3338389
3758611
3012908
2556130
4235852
2383036
3029111
3602592
3586500
2846093
4279388
4421092
3630667
5352148
5584980
5035463
5193518
4396482
3507168
4919889
4520093
5317093
4678962
3189276
2293482
3608112
2930647
3678129
4136982
3080685
2603612
2713240
3123573
3539685
2896185
2783296
2931870
