4373925
3397758
1518223
1592240
2193519
1391259
2045000
2408186
71291875
76780739
74731521
76782762
88912819
78302536
72535240
74413128
74238388
68538110
72856223
69299013
73366538
78712834
2598944
4709575
2697722
74991072
74513539
74742629
75252130
74733054
75469053
77485316
75219555
74409754
76030499
72637390
81639109
83718575
85491240
79428001
81061353
78791793
76244502
79723054
72355481
71322019
106897627
173334497
183485111
177816613
152737578
73505977
79020411
72031131
73836521
72748832
67870368
71839816
67889407
68867332
68390351
3369055
3136297
3218222
69031497
71572888
71818759
121237181
164814570
163305331
163297220
156933056
158558144
3104407
2345667
2931888
2918462
3893111
2863612
3223019
3235871
2305499
3287722
3661277
2546722
2943482
3568259
3897853
3216333
2953963
3852407
2660703
2529834
