3947611
3378296
1561574
1812870
2237648
1434426
2303056
2366148
67066367
81087849
78147092
80641072
85169704
78794282
76726613
74550170
75662835
67971689
72192440
67661594
63291963
71731871
3555500
3561075
4047815
74846684
76247260
76297999
74538055
72767572
69597260
70168369
76174258
75976761
74477794
71000961
82452131
85124745
82184189
76012037
81362501
79744701
81259147
80024536
76901911
73904903
73633670
167309308
181030686
179785147
163521552
113316728
2254722
74603926
73470982
73839335
69690423
70509795
69875332
70659999
69834870
66201593
3368944
3696408
2590575
3056556
3078427
4298575
2904519
3970000
155258077
159132222
156298021
163890796
3923741
3743852
2665815
3273982
3023537
4228037
3442814
2969926
69484590
65111369
68354462
67818245
2666963
3147779
2967202
2887130
3325796
3037222
2358426
3211481
2891608
