7282648
3091778
4366426
3742888
3543963
3588019
3410296
3509093
3141834
3092223
2564093
3181499
3352871
7906499
4704760
5137704
4053999
3420854
4659592
4178833
3713907
4165907
3748612
3796296
4544463
5255907
2800777
3253888
2815445
3056000
3218851
2702277
4451296
4191833
3215704
3612092
3718704
3341315
3447853
3722703
5312038
4837648
3725074
5228075
3725686
3740463
3288352
2894778
3227629
3024834
4172945
3153037
3939037
2113001
2544833
3293240
3279666
3135888
3717851
3183314
4510314
3719647
4442742
4936222
4701166
6008759
5814334
6394538
3596462
3893349
4692370
3577776
5155704
3461501
2701037
2402352
3931000
2858333
3484870
3991907
3822446
2550444
2903742
3554500
3544612
3015852
2678795
2535482
