3911907
76420519
73744444
63137591
78245224
75075333
72551498
62364387
60951168
83483596
93947488
54185703
95738573
82071815
113708073
97721737
106953154
68486390
120242199
96694442
121310498
93638998
110878312
119057865
116606348
103842461
135996258
85856684
121074016
86530349
130608560
78220518
134744054
93060058
82792813
84808501
84393331
86347166
81736553
52013074
70706277
125234037
189137851
137533885
165241573
68065480
106509260
83526814
75391982
79620887
74941202
62528648
60025873
107761167
89713368
78164496
80948703
64973480
75922796
74784962
81793071
64671796
57128835
226997927
216041418
174485107
196285985
225153416
139384797
177852262
58243375
65074463
60714153
58352094
66701552
88962332
54873406
60440404
94802706
57200294
107153738
83987979
104909317
73031223
100150278
62578167
104297627
91547686
90805427
71795482
