3269906
sdelay 22386662
907265256 43
sdelay 917723202
901560159 10
sdelay 935257049
902362783 13
sdelay 945396656
902820077 15
sdelay 932806559
903376904 6
sdelay 968147253
902787376 8
sdelay 953880060
906966014 9
sdelay 942935087
905803834 13
sdelay 958992131
906188384 13
sdelay 958982939
905049482 13
sdelay 951133795
906746462 14
sdelay 937326499
907194479 16
sdelay 954302960
904763479 14
sdelay 975762126
904686164 11
sdelay 939706182
907143721 15
sdelay 962773446
905406926 15
sdelay 972775016
903198125 10
sdelay 966527605
904904414 14
sdelay 938748674
