[1,1,0,2,7,]
[2,2,2,2,6,]
[2,2,2,2,7,]
[2,2,2,2,7,]
[2,2,2,2,6,]
[2,2,2,2,7,]
[2,2,2,2,7,]
[2,2,2,2,6,]
[2,2,2,2,7,]
[2,2,2,2,7,]
[2,2,2,2,6,]
[2,2,2,2,7,]
[2,2,2,2,7,]
[2,2,2,2,6,]
[2,2,2,2,7,]
[2,2,2,2,7,]
[2,2,2,2,6,]
[2,2,2,2,7,]
[2,2,2,2,7,]
[2,2,2,2,6,]
[2,2,2,2,7,]
[2,2,2,2,7,]
[2,2,2,2,6,]
[2,2,2,2,7,]
[2,2,2,2,7,]
[2,2,2,2,6,]
[2,2,2,2,6,]
[2,2,2,2,7,]
[2,2,2,2,5,]
[2,2,2,2,7,]
[2,2,2,2,6,]
[2,2,2,2,6,]
[2,2,2,2,7,]
[2,2,2,2,7,]
[2,2,2,2,6,]
[2,2,2,2,7,]
[2,2,2,2,7,]
[2,2,2,2,6,]
[2,2,2,2,7,]
[2,2,2,2,7,]
[2,2,2,2,6,]
[2,2,2,2,6,]
[2,2,2,2,6,]
[2,2,2,2,5,]
[2,2,2,2,6,]
[2,2,2,2,6,]
[2,2,2,2,6,]
[2,2,2,2,6,]
[2,2,2,2,7,]
[2,2,2,2,5,]
[2,2,2,2,6,]
[2,2,2,2,6,]
[2,2,2,2,6,]
[2,2,2,2,7,]
[2,2,2,2,7,]
[2,2,2,2,5,]
[2,2,2,2,6,]
[2,2,2,2,7,]
[2,2,2,2,6,]
[2,2,2,2,7,]
[2,2,2,2,6,]
[2,2,2,2,6,]
[2,2,2,2,6,]
[2,2,2,2,6,]
[2,2,2,2,6,]
[2,2,2,2,7,]
[2,2,2,2,6,]
[2,2,2,2,6,]
[2,2,2,2,7,]
[2,2,2,2,6,]
[2,2,2,2,6,]
[2,2,2,2,6,]
