100 50
11111111111111111111111111111111111111111111111111
11111111111111111111111111111111111111111111111111
11000000000000000000000000000000011111111111111111
11000000000000000000000000000000011111111111111111
11000000000000000000000000000000011111111111111111
11000000000000000000000000000000011111111111111111
11000000000000000000000000000000011111111111111111
11000000000000000000000000000000011111111111111111
11000000000000000000000000000000011111111111111111
11000000000000000000000000000000011111111111111111
11000000000000000000000000000000011111111111111111
11000000000000000000000000000000011111111111111111
11000000000000000000000000000000011111111111111111
11000000000000000000000000000000011111111111111111
11000000000000000000000000000000011111111111111111
11000000000000000000000000000000011111111111111111
11000000000000000000000000000000011111111111111111
11000000000000000000000000000000011111111111111111
11000000000000000000000000000000011111111111111111
11000000000000000000000000000000011111111111111111
11000000000000000000000000000000011111111111111111
11000000000000000000000000000000011111111111111111
11000000000000000000000000000000011111111111111111
11000000000000000000000000000000011111111111111111
11000000000000000000000000000000011111111111111111
11000000000000000000000000000000011111111111111111
11000000000000000000000000000000011111111111111111
11000000000000000000000000000000011111111111111111
11000000000000000000000000000000011111111111111111
11000000000000000000000000000000011111111111111111
11000000000000000000000000000000011111111111111111
11000000000000000000000000000000011111111111111111
11000000000000000000000000000000011111111111111111
11000000000000000000000000000000011111111111111111
11000000000000000000000000000000011111111111111111
11000000000000000000000000000000011111111111111111
11000000000000000000000000000000011111111111111111
11000000000000000000000000000000011111111111111111
11000000000000000000000000000000011111111111111111
11000000000000000000000000000000011111111111111111
11000000000000000000000000000000011111111111111111
11000000000000000000000000000000011111111111111111
11000000000000000000000000000000011111111111111111
11000000000000000000000000000000011111111111111111
11000000000000000000000000000000011111111111111111
11000000000000000000000000000000011111111111111111
11000000000000000000000000000000011111111111111111
11000000000000000000000000000000011111111111111111
11000000000000000000000000000000011111111111111111
11000000000000000000000000000000011111111111111111
11000000000000000000000000000000011111111111111111
11000000000000000000000000000000011111111111111111
11000000000000000000000000000000011111111111111111
11000000000000000000000000000000011111111111111111
11000000000000000000000000000000011111111111111111
11000000000000000000000000000000011111111111111111
11000000000000000000000000000000011111111111111111
11000000000000000000000000000000011111111111111111
11000000000000000000000000000000011111111111111111
11000000000000000000000000000000011111111111111111
11000000000000000000000000000000011111111111111111
11000000000000000000000000000000011111111111111111
11000000000000000000000000000000011111111111111111
11000000000000000000000000000000011111111111111111
11000000000000000000000000000000011111111111111111
11000000000000000000000000000000011111111111111111
11000000000000000000000000000000011111111111111111
11000000000000000000000000000000011111111111111111
11000000000000000000000000000000011111111111111111
11000000000000000000000000000000011111111111111111
11000000000000000000000000000000011111111111111111
11000000000000000000000000000000011111111111111111
11000000000000000000000000000000011111111111111111
11000000000000000000000000000000011111111111111111
11000000000000000000000000000000011111111111111111
11000000000000000000000000000000011111111111111111
11000000000000000000000000000000011111111111111111
11000000000000000000000000000000011111111111111111
11000000000000000000000000000000011111111111111111
11000000000000000000000000000000011111111111111111
11000000000000000000000000000000011111111111111111
11000000000000000000000000000000011111111111111111
11000000000000000000000000000000011111111111111111
11000000000000000000000000000000011111111111111111
11000000000000000000000000000000011111111111111111
11000000000000000000000000000000011111111111111111
11000000000000000000000000000000011111111111111111
11000000000000000000000000000000011111111111111111
11000000000000000000000000000000011111111111111111
11000000000000000000000000000000011111111111111111
11000000000000000000000000000000011111111111111111
11000000000000000000000000000000011111111111111111
11000000000000000000000000000000011111111111111111
11000000000000000000000000000000011111111111111111
11000000000000000000000000000000011111111111111111
11000000000000000000000000000000011111111111111111
11000000000000000000000000000000011111111111111111
11000000000000000000000000000000011111111111111111
11111111111111111111111111111111111111111111111111
11111111111111111111111111111111111111111111111111
