[(-753690644,2.); -503406010,2.); -253048690,2.); -2536055,2.); ]
1.25
[(-1253690644,2.); -1003406010,2.); -753048690,2.); -502536055,2.); -253428742,2.); -3263850,2.); ]
1.25
[(-1753690644,2.); -1503406010,2.); -1253048690,2.); -1002536055,2.); -753428742,2.); -503263850,2.); -253147662,2.); -3170160,2.); ]
1.25
[(-2253690644,2.); -2003406010,2.); -1753048690,2.); -1502536055,2.); -1253428742,2.); -1003263850,2.); -753147662,2.); -503170160,2.); -253226936,2.); -2966174,2.); ]
1.25
[(-2503406010,2.); -2253048690,2.); -2002536055,2.); -1753428742,2.); -1503263850,2.); -1253147662,2.); -1003170160,2.); -753226936,2.); -502966174,2.); -252821746,2.); ]
1.25
[(-2253428742,2.); -2003263850,2.); -1753147662,2.); -1503170160,2.); -1253226936,2.); -1002966174,2.); -752821746,2.); -501161700,2.); -253161467,2.); -2763872,2.); ]
1.25
[(-2253147662,2.); -2003170160,2.); -1753226936,2.); -1502966174,2.); -1252821746,2.); -1001161700,2.); -753161467,2.); -502763872,2.); -253177003,2.); -2067941,2.); ]
1.25
[(-2253226936,2.); -2002966174,2.); -1752821746,2.); -1501161700,2.); -1253161467,2.); -1002763872,2.); -753177003,2.); -502067941,2.); -252997908,2.); -2114385,1.229); ]
2.
[(-2252821746,2.); -2001161700,2.); -1753161467,2.); -1502763872,2.); -1253177003,2.); -1002067941,2.); -752997908,2.); -502114385,1.229); -253365761,1.071); -2527665,0.919); ]
1.071
[(-2253161467,2.); -2002763872,2.); -1753177003,2.); -1502067941,2.); -1252997908,2.); -1002114385,1.229); -753365761,1.071); -502527665,0.919); -253165316,0.738); -2570851,0.575); ]
0.738
[(-2253177003,2.); -2002067941,2.); -1752997908,2.); -1502114385,1.229); -1253365761,1.071); -1002527665,0.919); -753165316,0.738); -502570851,0.575); -253040261,0.404); -2086591,0.226); ]
0.404
[(-2252997908,2.); -2002114385,1.229); -1753365761,1.071); -1502527665,0.919); -1253165316,0.738); -1002570851,0.575); -753040261,0.404); -502086591,0.226); -253096448,0.1); -2146334,0.045); ]
0.1
[(-2253365761,1.071); -2002527665,0.919); -1753165316,0.738); -1502570851,0.575); -1253040261,0.404); -1002086591,0.226); -753096448,0.1); -502146334,0.045); -255093423,0.035); -2216226,0.044); ]
0.132962186633
[(-2253165316,0.738); -2002570851,0.575); -1753040261,0.404); -1502086591,0.226); -1253096448,0.1); -1002146334,0.045); -755093423,0.035); -502216226,0.044); -253227584,0.046); -2450249,0.045); ]
0.113750673354
