[(-498474938,1.01); -307081741,0.99); -204007841,0.99); -9855595,0.99); ]
1.0110856769
[(-998474938,1.01); -807081741,0.99); -704007841,0.99); -509855595,0.99); -390011765,0.99); -217148210,0.99); -100673304,0.99); ]
1.04987709753
[(-1498474938,1.01); -1307081741,0.99); -1204007841,0.99); -1009855595,0.99); -890011765,0.99); -717148210,0.99); -600673304,0.99); -408500308,0.99); -289716317,0.99); -110022582,0.99); ]
1.03495093609
[(-1390011765,0.99); -1217148210,0.99); -1100673304,0.99); -908500308,0.99); -789716317,0.99); -610022582,0.99); -488973914,0.99); -327463449,1.); -158218244,0.99); -9072039,0.99); ]
1.1007031931
[(-1408500308,0.99); -1289716317,0.99); -1110022582,0.99); -988973914,0.99); -827463449,1.); -658218244,0.99); -509072039,0.99); -384684411,0.99); -202084386,0.99); -38579598,0.99); ]
0.986716914631
[(-1488973914,0.99); -1327463449,1.); -1158218244,0.99); -1009072039,0.99); -884684411,0.99); -702084386,0.99); -538579598,0.99); -400326054,0.99); -263559055,0.97); -102618519,0.93); ]
0.857460949137
[(-1384684411,0.99); -1202084386,0.99); -1038579598,0.99); -900326054,0.99); -763559055,0.97); -602618519,0.93); -451821251,0.93); -305523097,0.8); -202592476,0.64); -8601047,1.83); ]
0.632538664678
[(-1400326054,0.99); -1263559055,0.97); -1102618519,0.93); -951821251,0.93); -805523097,0.8); -702592476,0.64); -508601047,1.83); -328442849,1.83); -208895411,1.7); -98789405,1.58); ]
1.7
[(-1451821251,0.93); -1305523097,0.8); -1202592476,0.64); -1008601047,1.83); -828442849,1.83); -708895411,1.7); -598789405,1.58); -448199435,1.58); -250226859,1.44); -108574727,1.29); ]
1.44
[(-1328442849,1.83); -1208895411,1.7); -1098789405,1.58); -948199435,1.58); -750226859,1.44); -608574727,1.29); -453756738,1.2); -314733173,1.2); -165796100,1.05); -5018084,0.9); ]
1.05
[(-1448199435,1.58); -1250226859,1.44); -1108574727,1.29); -953756738,1.2); -814733173,1.2); -665796100,1.05); -505018084,0.9); -387144876,0.9); -248088867,0.77); -63810762,0.64); ]
0.77
[(-1453756738,1.2); -1314733173,1.2); -1165796100,1.05); -1005018084,0.9); -887144876,0.9); -748088867,0.77); -563810762,0.64); -406930524,0.51); -250102063,0.51); -105287176,0.36); ]
0.51
[(-1387144876,0.9); -1248088867,0.77); -1063810762,0.64); -906930524,0.51); -750102063,0.51); -605287176,0.36); -452014380,0.23); -302463897,0.23); -180214410,0.11); -5129607,0.05); ]
0.11
[(-1406930524,0.51); -1250102063,0.51); -1105287176,0.36); -952014380,0.23); -802463897,0.23); -680214410,0.11); -505129607,0.05); -367051344,0.04); -209264417,0.04); -97021976,0.03); ]
0.0387646682463
[(-1302463897,0.23); -1180214410,0.11); -1005129607,0.05); -867051344,0.04); -709264417,0.04); -597021976,0.03); -402467194,0.04); -246892111,0.04); -108904608,0.03); 1323250,0.03); ]
0.122836201491
[(-1367051344,0.04); -1209264417,0.04); -1097021976,0.03); -902467194,0.04); -746892111,0.04); -608904608,0.03); -498676750,0.03); -306703926,0.03); -169346759,0.03); -3900556,0.03); ]
0.14286080146
