[(-328978675,1.01); -221620032,1.01); -28784552,1.01); ]
0.97415928832
[(-828978675,1.01); -721620032,1.01); -528784552,1.01); -413785763,1.01); -239065514,1.01); -118878942,1.01); ]
1.06546648557
[(-1328978675,1.01); -1221620032,1.01); -1028784552,1.01); -913785763,1.01); -739065514,1.01); -618878942,1.01); -428940864,1.01); -308735866,1.01); -128892631,1.01); -13547786,1.01); ]
1.02073701251
[(-1413785763,1.01); -1239065514,1.01); -1118878942,1.01); -928940864,1.01); -808735866,1.01); -628892631,1.01); -513547786,1.01); -352009154,1.01); -176469457,1.01); -28657907,1.01); ]
0.92514867394
[(-1428940864,1.01); -1308735866,1.01); -1128892631,1.01); -1013547786,1.01); -852009154,1.01); -676469457,1.01); -528657907,1.01); -409933379,1.01); -228866083,1.01); -61048700,1.); ]
1.03144834988
[(-1513547786,1.01); -1352009154,1.01); -1176469457,1.01); -1028657907,1.01); -909933379,1.01); -728866083,1.01); -561048700,1.); -427480216,1.); -286569457,0.98); -128789768,2.22); ]
1.20529228199
[(-1409933379,1.01); -1228866083,1.01); -1061048700,1.); -927480216,1.); -786569457,0.98); -628789768,2.22); -470719874,2.22); -328909556,2.11); -221523007,0.67); -28644009,1.82); ]
1.0216168047
[(-1427480216,1.); -1286569457,0.98); -1128789768,2.22); -970719874,2.22); -828909556,2.11); -721523007,0.67); -528644009,1.82); -352426588,1.82); -228836446,1.68); -117099025,1.55); ]
1.68
[(-1328909556,2.11); -1221523007,0.67); -1028644009,1.82); -852426588,1.82); -728836446,1.68); -617099025,1.55); -468140952,1.55); -270751971,1.43); -128850560,1.28); -9291029,1.15); ]
1.28
[(-1352426588,1.82); -1228836446,1.68); -1117099025,1.55); -968140952,1.55); -770751971,1.43); -628850560,1.28); -509291029,1.15); -339715713,1.15); -188033294,1.04); -28424580,0.91); ]
1.04
[(-1468140952,1.55); -1270751971,1.43); -1128850560,1.28); -1009291029,1.15); -839715713,1.15); -688033294,1.04); -528424580,0.91); -412516659,0.91); -267462993,0.77); -83259073,1.31); ]
0.91
[(-1509291029,1.15); -1339715713,1.15); -1188033294,1.04); -1028424580,0.91); -912516659,0.91); -767462993,0.77); -583259073,1.31); -428655845,0.5); -275378604,0.5); -128823135,0.37); ]
0.5
[(-1412516659,0.91); -1267462993,0.77); -1083259073,1.31); -928655845,0.5); -775378604,0.5); -628823135,0.37); -476493140,0.22); -328907148,0.22); -199795000,0.12); -28278250,0.04); ]
0.12
[(-1428655845,0.5); -1275378604,0.5); -1128823135,0.37); -976493140,0.22); -828907148,0.22); -699795000,0.12); -528278250,0.04); -385682374,0.05); -228922043,0.05); -115924618,0.04); ]
0.132827407206
[(-1328907148,0.22); -1199795000,0.12); -1028278250,0.04); -885682374,0.05); -728922043,0.05); -615924618,0.04); -428919223,0.02); -266430978,0.02); -128838162,0.03); -18112321,0.03); ]
0.0269514966787
[(-1385682374,0.05); -1228922043,0.05); -1115924618,0.04); -928919223,0.02); -766430978,0.02); -628838162,0.03); -518112321,0.03); -332544396,0.03); -188169252,0.03); -28522150,0.03); ]
0.139621544137
