[(-721263531,2.); -465965245,2.); -215548999,2.); ]
1.25
[(-715548999,2.); -468872900,0.644); -220034422,2.); ]
1.25
[(-720034422,2.); -465820493,2.); -219460767,2.); ]
1.25
[(-719460767,2.); -468615594,2.); -220099543,2.); ]
1.25
[(-720099543,2.); -468127347,2.); -215560427,2.); ]
1.25
[(-715560427,2.); -460033900,2.); -219154015,2.); ]
1.25
[(-719154015,2.); -465012106,0.002); -219219199,2.); ]
1.25
[(-719219199,2.); -462223666,0.359); -218469027,2.); ]
1.25
[(-718469027,2.); -464000525,2.); -218595731,0.433); ]
1.25
[(-718595731,0.433); -463674597,2.); -217535986,2.); ]
1.25
[(-717535986,2.); -463748525,2.); -215971498,0.499); ]
1.25
[(-715971498,0.499); -462915670,2.); -214151325,2.); ]
1.25
[(-714151325,2.); -461141090,2.); -218377365,2.); ]
1.25
[(-718377365,2.); -464284866,2.); -216396692,2.); ]
1.25
[(-716396692,2.); -468125499,0.547); -216239714,2.); ]
1.25
[(-716239714,2.); -452018484,2.); -216892018,0.387); ]
1.25
