[(-377928382,0.21); -284259933,0.2); -203902359,0.2); -81763685,0.21); ]
0.250366311696
[(-877928382,0.21); -784259933,0.2); -703902359,0.2); -581763685,0.21); -473732632,0.21); -401177150,0.21); -220556411,0.2); -189974993,0.2); -100105190,0.2); ]
0.1052212473
[(-901177150,0.21); -720556411,0.2); -689974993,0.2); -600105190,0.2); -464505566,0.2); -351448193,0.21); -290504302,0.21); -171894348,0.2); -79798610,0.2); 1764043,0.21); ]
0.164418914095
[(-964505566,0.2); -851448193,0.21); -790504302,0.21); -671894348,0.2); -579798610,0.2); -498235957,0.21); -340351860,0.21); -275485080,0.21); -162058243,0.21); -102390098,0.21); ]
0.271690171949
[(-840351860,0.21); -775485080,0.21); -662058243,0.21); -602390098,0.21); -428623688,0.21); -401622748,0.21); -275003740,0.21); -147382913,0.21); -43892974,0.21); -4747534,0.21); ]
0.13719253025
[(-928623688,0.21); -901622748,0.21); -775003740,0.21); -647382913,0.21); -543892974,0.21); -504747534,0.21); -283990760,0.22); -268900876,0.22); -171304723,0.27); -68363861,0.27); ]
0.249103262258
[(-1004747534,0.21); -783990760,0.22); -768900876,0.22); -671304723,0.27); -568363861,0.27); -454019446,0.36); -403021193,0.36); -223811277,0.5); -210286067,0.5); -79030908,0.64); ]
0.726156284037
[(-954019446,0.36); -903021193,0.36); -723811277,0.5); -710286067,0.5); -579030908,0.64); -475334468,0.64); -336574460,0.78); -297372613,0.78); -143156534,0.89); -102927294,0.89); ]
1.00719865883
[(-836574460,0.78); -797372613,0.78); -643156534,0.89); -602927294,0.89); -451271393,1.02); -399410525,1.02); -257284539,1.15); -198056767,1.15); -52846582,1.15); 3556918,1.28); ]
1.15
[(-951271393,1.02); -899410525,1.02); -757284539,1.15); -698056767,1.15); -552846582,1.15); -496443082,1.28); -327800529,1.28); -270887194,1.41); -169864582,1.41); -99232554,1.56); ]
1.41
[(-827800529,1.28); -770887194,1.41); -669864582,1.41); -599232554,1.56); -425638830,1.56); -396716735,1.7); -253792579,1.7); -201752192,1.83); -65701937,1.83); -1376864,1.97); ]
1.83
[(-925638830,1.56); -896716735,1.7); -753792579,1.7); -701752192,1.83); -565701937,1.83); -501376864,1.97); -280188460,1.97); -263641773,2.1); -181924620,2.1); -76715322,2.27); ]
2.1
[(-1001376864,1.97); -780188460,1.97); -763641773,2.1); -681924620,2.1); -576715322,2.27); -460480085,2.27); -395901437,2.4); -196896765,2.4); -186465828,0.43); -65137308,0.43); ]
0.43
[(-960480085,2.27); -895901437,2.4); -696896765,2.4); -686465828,0.43); -565137308,0.43); -460309642,0.43); -367979756,0.47); -287374201,0.47); -130535722,0.48); -102350574,0.48); ]
1.35655577851
[(-867979756,0.47); -787374201,0.47); -630535722,0.48); -602350574,0.48); -466317154,0.48); -366112694,0.48); -252249802,0.47); -202429999,0.47); -39238399,0.47); -1279410,0.47); ]
0.445698410311
[(-966317154,0.48); -866112694,0.48); -752249802,0.47); -702429999,0.47); -539238399,0.47); -501279410,0.47); -321572734,0.47); -260879530,0.47); -170780395,0.47); -102397878,0.47); ]
0.452755260219
