[(-498998458,0.2); -366803831,0.2); -276500656,0.2); -192807844,0.2); -70218095,0.2); ]
0.146781975757
[(-998998458,0.2); -866803831,0.2); -776500656,0.2); -692807844,0.2); -570218095,0.2); -471376714,0.2); -392729111,0.2); -209784454,0.2); -181861732,0.2); -92807137,0.2); ]
0.21782401955
[(-971376714,0.2); -892729111,0.2); -709784454,0.2); -681861732,0.2); -592807137,0.2); -454329574,0.2); -347987899,0.2); -283376472,0.2); -160928075,0.2); -73212061,0.2); ]
0.158153814074
[(-954329574,0.2); -847987899,0.2); -783376472,0.2); -660928075,0.2); -573212061,0.2); -492516504,0.2); -335745931,0.2); -268672659,0.2); -151265341,0.2); -92687386,0.2); ]
0.170854778599
[(-835745931,0.2); -768672659,0.2); -651265341,0.2); -592687386,0.2); -426213991,0.2); -398859383,0.2); -264273672,0.2); -142344907,0.2); -35847807,0.2); 649602,0.2); ]
0.309457718709
[(-926213991,0.2); -898859383,0.2); -764273672,0.2); -642344907,0.2); -535847807,0.2); -499350398,0.2); -277197654,0.21); -259910871,0.21); -161249584,0.27); -61669663,0.27); ]
0.185846160653
[(-999350398,0.2); -777197654,0.21); -759910871,0.21); -661249584,0.27); -561669663,0.27); -445068164,0.37); -392745016,0.37); -218740364,0.51); -199564072,0.51); -71277483,0.66); ]
0.646876865467
[(-945068164,0.37); -892745016,0.37); -718740364,0.51); -699564072,0.51); -571277483,0.66); -469434718,0.66); -331272435,0.79); -290786342,0.79); -132193113,0.91); -92732543,0.91); ]
0.992232306589
[(-969434718,0.66); -831272435,0.79); -790786342,0.79); -632193113,0.91); -592732543,0.91); -445639552,1.03); -392725105,1.03); -246353247,1.17); -192610630,1.17); -41797030,1.17); ]
1.17
[(-945639552,1.03); -892725105,1.03); -746353247,1.17); -692610630,1.17); -541797030,1.17); -492080172,1.31); -319390157,1.31); -266494673,1.44); -160935133,1.44); -92725097,1.57); ]
1.44
[(-992080172,1.31); -819390157,1.31); -766494673,1.44); -660935133,1.44); -592725097,1.57); -420411213,1.57); -396973180,1.7); -243416271,1.7); -192652131,1.84); -59092758,1.84); ]
1.84
[(-920411213,1.57); -896973180,1.7); -743416271,1.7); -692652131,1.84); -559092758,1.84); -492245155,1.98); -275161844,1.98); -259582643,2.11); -171045181,2.11); -70255477,2.26); ]
2.11
[(-992245155,1.98); -775161844,1.98); -759582643,2.11); -671045181,2.11); -570255477,2.26); -451900915,2.26); -392593365,2.39); -187830593,2.39); -176643856,2.39); -55620171,2.48); ]
2.39
[(-951900915,2.26); -892593365,2.39); -687830593,2.39); -676643856,2.39); -555620171,2.48); -455860584,2.48); -361372651,2.54); -292352945,2.54); -120352786,2.54); -92676918,2.54); ]
2.721905306
[(-955860584,2.48); -861372651,2.54); -792352945,2.54); -620352786,2.54); -592676918,2.54); -456481775,2.53); -357462543,2.53); -241858161,2.55); -192692546,2.55); -35567585,2.53); ]
2.5384789839
[(-956481775,2.53); -857462543,2.53); -741858161,2.55); -692692546,2.55); -535567585,2.53); -492244201,2.53); -318205218,2.53); -255688728,2.53); -160462217,2.52); -92700518,2.52); ]
2.44718172143
