[(-712527009,2.); -455678142,2.); -202786533,2.); ]
1.25
[(-702786533,2.); -454868910,2.); -209446651,2.); ]
1.25
[(-709446651,2.); -451706576,2.); -208854551,2.); ]
1.25
[(-708854551,2.); -453991841,2.); -205307197,2.); ]
1.25
[(-705307197,2.); -452412367,2.); -203614131,2.); ]
1.25
[(-703614131,2.); -442932784,2.); -204200890,2.); ]
1.25
[(-704200890,2.); -453406626,2.); -208133740,2.); ]
1.25
[(-708133740,2.); -447997655,2.); -204621241,2.); ]
1.25
[(-704621241,2.); -416572140,2.); -199931830,0.06); ]
1.25
[(-699931830,0.06); -447999951,0.048); -206468268,0.276); ]
0.06
[(-706468268,0.276); -446287222,2.); -203400348,2.); ]
1.25
[(-703400348,2.); -450042814,2.); -196980616,2.); ]
1.25
[(-696980616,2.); -449423758,2.); -204994952,2.); ]
1.25
[(-704994952,2.); -453149204,2.); -205030436,2.); ]
1.25
[(-705030436,2.); -453320264,2.); -197573887,2.); ]
1.25
[(-697573887,2.); -430219402,2.); -203176084,2.); ]
