[(-317924531,0.); -314546423,0.); -211048928,0.); -208177433,0.); -14772895,0.); -11066193,0.); ]
0.
[(-398264932,0.); -390283914,0.); -227725406,0.); -220633281,0.); -111429464,0.); -104453431,0.); ]
0.
[(-410147555,0.); -394169797,0.); -299620602,0.); -292235420,0.); -116113036,0.); -112280444,0.); ]
0.
[(-497961325,0.); -489753713,0.); -317187253,0.); -307772246,0.); -167865214,0.); -164262568,0.); -17883616,0.); -12882760,0.); ]
0.
[(-385451433,0.); -374008417,0.); -208477582,0.); -189620699,0.); -48736625,0.); -43566305,0.); ]
0.
[(-400602037,15.); -387869348,15.); -272706208,45.); -264485281,60.); -108428545,45.); -100775454,60.); ]
0.644986770404
[(-456971515,105.); -453036497,105.); -310364322,150.); -301265670,180.); -208747170,150.); -204812782,180.); -14088535,135.); -8965882,165.); ]
0.644814357264
[(-334151745,105.); -329911411,150.); -218733474,120.); -210733844,0.); -108919728,120.); -98522014,150.); ]
0.350831668042
[(-456858381,120.); -452321638,135.); -255623513,120.); -250503693,165.); -117697527,120.); -114139474,165.); ]
0.645446923651
[(-453724719,120.); -441443921,165.); -318295078,105.); -308569756,165.); -175850998,150.); -171720164,135.); -13037083,150.); -8020542,135.); ]
0.644822705502
[(-385684387,150.); -373883074,120.); -257277705,120.); -253543022,195.); -73438658,120.); -64996675,195.); ]
0.64530995312
[(-398648244,105.); -392130677,120.); -257612597,105.); -247981256,150.); -114647663,135.); -109715048,150.); ]
0.644720087523
[(-459098523,135.); -450813763,150.); -303428975,105.); -289258040,105.); -188215965,90.); -183269054,105.); -7777471,90.); -974532,105.); ]
0.644464759781
[(-376973371,60.); -369417558,45.); -212684562,15.); -202621201,30.); -105873812,0.); -101580033,0.); ]
0.
[(-411572310,0.); -402272508,0.); -255890726,0.); -251424501,0.); -118377836,0.); -110259558,0.); -4602740,0.); 307394,0.); ]
0.
[(-309706198,0.); -301906848,0.); -175354934,0.); -171909622,0.); ]
0.
[(-498762550,0.); -485815862,0.); -364734177,0.); -352286546,0.); -241662076,0.); -231012175,0.); -58791534,0.); -53945105,0.); ]
