[(-331158515,1.02); -271573611,1.02); -236493329,2.33); -180752863,1.); -117809766,1.02); -68903114,1.02); -33781165,2.33); ]
1.43508370886
[(-736493329,2.33); -680752863,1.); -617809766,1.02); -568903114,1.02); -533781165,2.33); -423075410,1.02); -285087995,1.02); -207492543,2.33); -165522950,1.01); -103526955,1.01); ]
1.41268513872
[(-1068903114,1.02); -1033781165,2.33); -923075410,1.02); -785087995,1.02); -707492543,2.33); -665522950,1.01); -603526955,1.01); -480047342,1.01); -254858288,1.01); -175622008,1.01); ]
1.25568677333
[(-1207492543,2.33); -1165522950,1.01); -1103526955,1.01); -980047342,1.01); -754858288,1.01); -675622008,1.01); -486057997,1.01); -309593489,1.02); -143631713,1.01); -78369993,1.03); ]
1.11854743825
[(-1480047342,1.01); -1254858288,1.01); -1175622008,1.01); -986057997,1.01); -809593489,1.02); -643631713,1.01); -578369993,1.03); -392871654,1.03); -280276985,2.33); -57521852,1.01); ]
1.12103134559
[(-1486057997,1.01); -1309593489,1.02); -1143631713,1.01); -1078369993,1.03); -892871654,1.03); -780276985,2.33); -557521852,1.01); -477144512,1.01); -238479488,1.01); -154521625,1.02); ]
1.01
[(-1392871654,1.03); -1280276985,2.33); -1057521852,1.01); -977144512,1.01); -738479488,1.01); -654521625,1.02); -440154532,0.96); -337056518,0.96); -212581799,2.21); -48246674,2.08); ]
2.08
[(-1477144512,1.01); -1238479488,1.01); -1154521625,1.02); -940154532,0.96); -837056518,0.96); -712581799,2.21); -548246674,2.08); -323042320,2.08); -234889206,1.92); -130223241,1.78); ]
1.06752442487
[(-1337056518,0.96); -1212581799,2.21); -1048246674,2.08); -823042320,2.08); -734889206,1.92); -630223241,1.78); -411223883,1.65); -303612562,1.65); -171820366,1.52); 14075825,1.38); ]
1.27959219859
[(-1323042320,2.08); -1234889206,1.92); -1130223241,1.78); -911223883,1.65); -803612562,1.65); -671820366,1.52); -485924175,1.38); -380247170,1.38); -149587437,1.25); -80252955,1.13); ]
1.25
[(-1411223883,1.65); -1303612562,1.65); -1171820366,1.52); -985924175,1.38); -880247170,1.38); -649587437,1.25); -580252955,1.13); -430061309,0.99); -265806369,0.99); -58792746,0.84); ]
0.99
[(-1485924175,1.38); -1380247170,1.38); -1149587437,1.25); -1080252955,1.13); -930061309,0.99); -765806369,0.99); -558792746,0.84); -460554689,0.71); -275880526,0.71); -180278882,0.58); ]
0.71
[(-1430061309,0.99); -1265806369,0.99); -1058792746,0.84); -960554689,0.71); -775880526,0.71); -680278882,0.58); -415724141,0.45); -332512723,0.34); -230346066,0.34); -43450848,0.19); ]
0.34
[(-1460554689,0.71); -1275880526,0.71); -1180278882,0.58); -915724141,0.45); -832512723,0.34); -730346066,0.34); -543450848,0.19); -326463463,0.08); -231970352,0.08); -130349259,0.03); ]
0.0432808167266
[(-1415724141,0.45); -1332512723,0.34); -1230346066,0.34); -1043450848,0.19); -826463463,0.08); -731970352,0.08); -630349259,0.03); -442075838,0.03); -221000684,0.04); -176027117,0.04); ]
0.0706881891068
[(-1326463463,0.08); -1231970352,0.08); -1130349259,0.03); -942075838,0.03); -721000684,0.04); -676027117,0.04); -486095831,4.); -354309737,0.05); -155964433,0.05); -73396139,0.06); ]
0.542856163782
[(-1442075838,0.03); -1221000684,0.04); -1176027117,0.04); -986095831,4.); -854309737,0.05); -655964433,0.05); -573396139,0.06); -421393743,0.05); -237722533,0.05); -45370293,0.05); ]
0.515176020989
[(-1486095831,4.); -1354309737,0.05); -1155964433,0.05); -1073396139,0.06); -921393743,0.05); -737722533,0.05); -545370293,0.05); -480369911,0.05); -286070110,0.05); -172457475,0.05); ]
0.509009466786
