[(-869173524,2.); -619233925,2.); -368935941,2.); -119493953,2.); ]
1.25
[(-1369173524,2.); -1119233925,2.); -868935941,2.); -619493953,2.); -368712898,2.); -119017297,2.); ]
1.25
[(-1869173524,2.); -1619233925,2.); -1368935941,2.); -1119493953,2.); -868712898,2.); -619017297,2.); -368726234,2.); -118882553,2.); ]
1.25
[(-2369173524,2.); -2119233925,2.); -1868935941,2.); -1619493953,2.); -1368712898,2.); -1119017297,2.); -868726234,2.); -618882553,2.); -368432015,2.); -119331173,2.); ]
1.25
[(-2368935941,2.); -2119493953,2.); -1868712898,2.); -1619017297,2.); -1368726234,2.); -1118882553,2.); -868432015,2.); -619331173,2.); -368965679,2.); -119192160,2.); ]
1.25
[(-2368712898,2.); -2119017297,2.); -1868726234,2.); -1618882553,2.); -1368432015,2.); -1119331173,2.); -868965679,2.); -619192160,2.); -368303262,2.); -121429099,2.); ]
1.25
[(-2368726234,2.); -2118882553,2.); -1868432015,2.); -1619331173,2.); -1368965679,2.); -1119192160,2.); -868303262,2.); -621429099,2.); -369155678,2.); -119151041,2.); ]
1.25
[(-2368432015,2.); -2119331173,2.); -1868965679,2.); -1619192160,2.); -1368303262,2.); -1121429099,2.); -869155678,2.); -619151041,2.); -368206341,2.); -118580559,2.); ]
1.25
[(-2368965679,2.); -2119192160,2.); -1868303262,2.); -1621429099,2.); -1369155678,2.); -1119151041,2.); -868206341,2.); -618580559,2.); -368886819,2.); -118878955,1.178); ]
2.
[(-2368303262,2.); -2121429099,2.); -1869155678,2.); -1619151041,2.); -1368206341,2.); -1118580559,2.); -868886819,2.); -618878955,1.178); -368988666,1.024); -119257507,0.87); ]
1.024
[(-2369155678,2.); -2119151041,2.); -1868206341,2.); -1618580559,2.); -1368886819,2.); -1118878955,1.178); -868988666,1.024); -619257507,0.87); -369108203,0.703); -119099407,0.54); ]
0.703
[(-2368206341,2.); -2118580559,2.); -1868886819,2.); -1618878955,1.178); -1368988666,1.024); -1119257507,0.87); -869108203,0.703); -619099407,0.54); -368791924,0.368); -119331447,0.205); ]
0.368
[(-2368886819,2.); -2118878955,1.178); -1868988666,1.024); -1619257507,0.87); -1369108203,0.703); -1119099407,0.54); -868791924,0.368); -619331447,0.205); -369184600,0.075); -119309874,0.034); ]
0.0906879303899
[(-2368988666,1.024); -2119257507,0.87); -1869108203,0.703); -1619099407,0.54); -1368791924,0.368); -1119331447,0.205); -869184600,0.075); -619309874,0.034); -368903569,0.041); -118995676,0.036); ]
0.0865873448477
[(-2369108203,0.703); -2119099407,0.54); -1868791924,0.368); -1619331447,0.205); -1369184600,0.075); -1119309874,0.034); -868903569,0.041); -618995676,0.036); -368318708,0.039); -118744330,0.035); ]
0.0621588575612
[(-2368791924,0.368); -2119331447,0.205); -1869184600,0.075); -1619309874,0.034); -1368903569,0.041); -1118995676,0.036); -868318708,0.039); -618744330,0.035); -368456428,0.039); -118234508,0.039); ]
0.159370172986
[(-2369184600,0.075); -2119309874,0.034); -1868903569,0.041); -1618995676,0.036); -1368318708,0.039); -1118744330,0.035); -868456428,0.039); -618234508,0.039); -368860729,0.035); -118266967,0.039); ]
0.122662627364
