[(-319932425,0.98); -260730191,0.98); -225660039,0.98); -169932554,0.99); -107061865,0.99); -54584592,0.99); -22681873,1.); ]
0.999529659904
[(-725660039,0.98); -669932554,0.99); -607061865,0.99); -554584592,0.99); -522681873,1.); -409852248,0.99); -272737730,0.99); -196666549,1.); -151271576,0.98); -92313273,0.98); ]
1.00647087043
[(-1054584592,0.99); -1022681873,1.); -909852248,0.99); -772737730,0.99); -696666549,1.); -651271576,0.98); -592313273,0.98); -466979608,0.98); -243472308,0.98); -164464085,0.97); ]
0.95425591955
[(-1196666549,1.); -1151271576,0.98); -1092313273,0.98); -966979608,0.98); -743472308,0.98); -664464085,0.97); -473228339,0.97); -297456744,0.98); -131913193,0.98); -67698630,0.99); ]
0.962329907481
[(-1466979608,0.98); -1243472308,0.98); -1164464085,0.97); -973228339,0.97); -797456744,0.98); -631913193,0.98); -567698630,0.99); -374596916,0.99); -264681083,1.); -46838063,0.98); ]
0.911540360033
[(-1473228339,0.97); -1297456744,0.98); -1131913193,0.98); -1067698630,0.99); -874596916,0.99); -764681083,1.); -546838063,0.98); -461649945,0.98); -225623016,0.98); -142149841,0.99); ]
0.98
[(-1374596916,0.99); -1264681083,1.); -1046838063,0.98); -961649945,0.98); -725623016,0.98); -642149841,0.99); -423047656,0.95); -319050209,0.95); -200842317,0.91); -37220605,2.07); ]
0.95
[(-1461649945,0.98); -1225623016,0.98); -1142149841,0.99); -923047656,0.95); -819050209,0.95); -700842317,0.91); -537220605,2.07); -303150867,2.07); -216850397,0.64); -112926827,1.78); ]
0.779448109658
[(-1423047656,0.95); -1319050209,0.95); -1200842317,0.91); -1037220605,2.07); -803150867,2.07); -716850397,0.64); -612926827,1.78); -388403593,1.66); -288128588,1.66); -156336559,1.53); ]
0.974402089767
[(-1112926827,1.78); -888403593,1.66); -788128588,1.66); -656336559,1.53); -469762603,1.38); -364619288,1.38); -133787016,1.25); -68075488,1.12); 82671236,1.); 255563428,1.); ]
1.
[(-1388403593,1.66); -1288128588,1.66); -1156336559,1.53); -969762603,1.38); -864619288,1.38); -633787016,1.25); -568075488,1.12); -417328764,1.); -244436572,1.); -47562731,0.86); ]
1.
[(-1469762603,1.38); -1364619288,1.38); -1133787016,1.25); -1068075488,1.12); -917328764,1.); -744436572,1.); -547562731,0.86); -446214835,0.72); -260879260,0.72); -164811076,0.59); ]
0.72
[(-1417328764,1.); -1244436572,1.); -1047562731,0.86); -946214835,0.72); -760879260,0.72); -664811076,0.59); -402597834,0.46); -316245947,0.35); -214798999,0.35); -31110177,0.2); ]
0.35
[(-1446214835,0.72); -1260879260,0.72); -1164811076,0.59); -902597834,0.46); -816245947,0.35); -714798999,0.35); -531110177,0.2); -276355244,0.09); -215503093,0.09); -113849279,0.03); ]
0.0612410045347
[(-1402597834,0.46); -1316245947,0.35); -1214798999,0.35); -1031110177,0.2); -776355244,0.09); -715503093,0.09); -613849279,0.03); -429982205,0.03); -207964951,0.03); -163866188,0.03); ]
0.0588763523563
[(-1276355244,0.09); -1215503093,0.09); -1113849279,0.03); -929982205,0.03); -707964951,0.03); -663866188,0.03); -462996949,0.03); -337526680,0.03); -144917254,0.03); -61518509,0.03); ]
0.0940735729003
[(-1429982205,0.03); -1207964951,0.03); -1163866188,0.03); -962996949,0.03); -837526680,0.03); -644917254,0.03); -561518509,0.03); -404572723,0.03); -225064174,0.03); -29868061,0.03); ]
0.0595248413736
[(-1462996949,0.03); -1337526680,0.03); -1144917254,0.03); -1061518509,0.03); -904572723,0.03); -725064174,0.03); -529868061,0.03); -463569132,0.03); -268994959,0.03); -160253601,0.03); ]
0.129841471926
