[(-589520798,2.); -309993877,2.); -88165701,2.); ]
1.25
[(-588165701,2.); -333910879,2.); -87348414,2.); ]
1.25
[(-587348414,2.); -333499101,2.); -85451119,2.); ]
1.25
[(-585451119,2.); -331332441,2.); -88303703,0.438); ]
1.25
[(-588303703,0.438); -330474891,2.); -85503725,2.); ]
1.25
[(-585503725,2.); -330484128,2.); -93372208,2.); ]
1.25
[(-593372208,2.); -331358785,2.); -88327499,2.); ]
1.25
[(-588327499,2.); -336421903,2.); -80621499,2.); ]
1.25
[(-580621499,2.); -332324937,2.); -87437872,2.); ]
1.25
[(-587437872,2.); -321089270,2.); -87508440,2.); ]
1.25
[(-587508440,2.); -331269515,2.); -84637764,2.); ]
1.25
[(-584637764,2.); -327910805,2.); -88390424,2.); ]
1.25
[(-588390424,2.); -328969376,2.); -84513173,2.); ]
1.25
[(-584513173,2.); -333305900,2.); -87494186,2.); ]
1.25
[(-587494186,2.); -332440444,2.); -82861085,0.329); ]
1.25
[(-582861085,0.329); -333434263,2.); -81810296,2.); ]
1.25
[(-581810296,2.); -335335613,2.); -85483727,0.533); ]
1.25
[(-585483727,0.533); -335240412,2.); -83425937,2.); ]
1.25
