[(-313243390,0.22); -281439838,0.22); -228125522,0.22); -217617011,0.22); -165221294,0.22); -137532646,0.22); -98910836,0.22); -71148539,0.22); -23719270,0.22); -14087229,0.22); ]
0.263711577353
[(-523719270,0.22); -514087229,0.22); -410202361,0.22); -310480956,0.22); -267509595,0.22); -225905244,0.22); -155547536,0.22); -145917051,0.22); -83808445,0.22); -61208913,0.22); ]
0.181549902131
[(-725905244,0.22); -655547536,0.22); -645917051,0.22); -583808445,0.22); -561208913,0.22); -473201212,0.22); -351049757,0.22); -209016236,0.22); -157286601,0.22); -19311891,0.22); ]
0.320203461198
[(-973201212,0.22); -851049757,0.22); -709016236,0.22); -657286601,0.22); -519311891,0.22); -433821303,0.22); -298652400,0.22); -253961473,0.22); -97949701,0.22); -59554878,0.22); ]
0.230429151334
[(-933821303,0.22); -798652400,0.22); -753961473,0.22); -597949701,0.22); -559554878,0.22); -376495633,0.22); -311147042,0.22); -263166903,0.22); -156457781,0.22); -12789736,0.22); ]
0.275246177034
[(-876495633,0.22); -811147042,0.22); -763166903,0.22); -656457781,0.22); -512789736,0.22); -458523473,0.22); -225510901,0.22); -191294484,0.22); -137517191,0.22); -54253518,0.24); ]
0.22
[(-958523473,0.22); -725510901,0.22); -691294484,0.22); -637517191,0.22); -554253518,0.24); -347112372,0.24); -326228226,0.24); -194377690,0.31); -167651239,0.31); -28658443,0.43); ]
0.31
[(-847112372,0.24); -826228226,0.24); -694377690,0.31); -667651239,0.31); -528658443,0.43); -453152405,0.43); -243276989,0.57); -222918126,0.57); -122046413,0.71); -73925649,0.71); ]
0.735283859063
[(-953152405,0.43); -743276989,0.57); -722918126,0.57); -622046413,0.71); -573925649,0.71); -401053262,0.84); -328127026,0.84); -251580410,0.96); -153350977,0.96); -44271773,1.09); ]
1.07116680007
[(-901053262,0.84); -828127026,0.84); -751580410,0.96); -653350977,0.96); -544271773,1.09); -423649593,1.09); -369436265,1.22); -257697473,1.22); -96090776,1.36); -74402163,1.36); ]
1.36
[(-923649593,1.09); -869436265,1.22); -757697473,1.22); -596090776,1.36); -574402163,1.36); -420082763,1.36); -337925885,1.49); -255661803,1.49); -158644532,1.62); -7388304,1.62); ]
1.62
[(-920082763,1.36); -837925885,1.49); -755661803,1.49); -658644532,1.62); -507388304,1.62); -450069064,1.76); -256516536,1.76); -228088669,1.9); -173538731,1.9); -59736965,2.03); ]
1.9
[(-950069064,1.76); -756516536,1.76); -728088669,1.9); -673538731,1.9); -559736965,2.03); -335206681,2.03); -315004821,2.16); -228459025,2.16); -174417257,2.32); -24527844,2.32); ]
2.32
[(-835206681,2.03); -815004821,2.16); -728459025,2.16); -674417257,2.32); -524527844,2.32); -452718513,2.43); -232614848,2.43); -214926379,0.46); -122607932,0.46); -76149077,0.49); ]
2.06502662953
[(-952718513,2.43); -732614848,2.43); -714926379,0.46); -622607932,0.46); -576149077,0.49); -423340982,0.49); -358400893,0.49); -172928604,0.48); -161377052,0.48); -32925125,0.48); ]
1.14070908886
[(-923340982,0.49); -858400893,0.49); -672928604,0.48); -661377052,0.48); -532925125,0.48); -416785535,0.48); -336726797,0.48); -258380961,0.48); -110996675,0.48); -59041428,0.48); ]
0.501652105388
[(-916785535,0.48); -836726797,0.48); -758380961,0.48); -610996675,0.48); -559041428,0.48); -407999225,0.48); -357461692,0.48); -219296161,0.48); -158307253,0.48); 6412462,0.48); ]
0.528947356645
[(-907999225,0.48); -857461692,0.48); -719296161,0.48); -658307253,0.48); -493587538,0.48); -471487241,0.48); -350057601,0.48); -230450458,0.48); -158671693,0.48); -55042633,0.48); ]
0.521178723725
