[(-314194971,0.21); -279049208,0.21); -225492148,0.21); -214741432,0.21); -162392994,0.21); -134654864,0.21); -100117494,0.21); -71791729,0.21); -21043581,0.21); -14705919,0.21); ]
0.199488469597
[(-521043581,0.21); -514705919,0.21); -415084326,0.21); -315981943,0.21); -265380447,0.21); -230669671,0.21); -155099846,0.21); -146511333,0.21); -85098974,0.21); -58666559,0.21); ]
0.149172893365
[(-730669671,0.21); -655099846,0.21); -646511333,0.21); -585098974,0.21); -558666559,0.21); -472408075,0.21); -357281639,0.21); -206810459,0.21); -157445954,0.21); -20647845,0.21); ]
0.196510637901
[(-972408075,0.21); -857281639,0.21); -706810459,0.21); -657445954,0.21); -520647845,0.21); -435934356,0.21); -322808313,0.21); -258920752,0.21); -96445558,0.21); -57498472,0.21); ]
0.162802942937
[(-935934356,0.21); -822808313,0.21); -758920752,0.21); -596445558,0.21); -557498472,0.21); -386911030,0.21); -316955235,0.21); -261346277,0.21); -157487658,0.21); -11113352,0.21); ]
0.180435134008
[(-886911030,0.21); -816955235,0.21); -761346277,0.21); -657487658,0.21); -511113352,0.21); -457446520,0.21); -231367817,0.21); -189207948,0.21); -137493505,0.21); -57490820,0.23); ]
0.21
[(-957446520,0.21); -731367817,0.21); -689207948,0.21); -637493505,0.21); -557490820,0.23); -354340705,0.23); -332556034,0.23); -191779761,0.3); -164590047,0.3); -29648542,0.41); ]
0.3
[(-854340705,0.23); -832556034,0.23); -691779761,0.3); -664590047,0.3); -529648542,0.41); -457288195,0.41); -248406805,0.55); -227266011,0.55); -120387454,0.7); -72715471,0.7); ]
0.841812491195
[(-957288195,0.41); -748406805,0.55); -727266011,0.55); -620387454,0.7); -572715471,0.7); -401057427,0.82); -334357796,0.82); -253775222,0.97); -157444489,0.97); -42275590,1.1); ]
1.09265649456
[(-657444489,0.97); -542275590,1.1); -422175820,1.1); -371307759,1.23); -257447673,1.23); -98499922,1.37); -72733556,1.37); 80847431,1.37); 142795856,1.51); 239911387,1.51); ]
1.51
[(-922175820,1.1); -871307759,1.23); -757447673,1.23); -598499922,1.37); -572733556,1.37); -419152569,1.37); -357204144,1.51); -260088613,1.51); -157503892,1.64); -6686723,1.64); ]
1.64
[(-919152569,1.37); -857204144,1.51); -760088613,1.51); -657503892,1.64); -506686723,1.64); -457410137,1.78); -254307499,1.78); -229316251,1.93); -172088088,1.93); -57479816,2.05); ]
1.93
[(-957410137,1.78); -754307499,1.78); -729316251,1.93); -672088088,1.93); -557479816,2.05); -348964340,2.05); -318449975,2.18); -225897855,2.18); -172315868,2.31); -26170262,2.31); ]
2.31
[(-848964340,2.05); -818449975,2.18); -725897855,2.18); -672315868,2.31); -526170262,2.31); -457327213,2.43); -232082990,2.43); -218429589,2.52); -124163090,2.52); -72975810,2.52); ]
2.63878194497
[(-957327213,2.43); -732082990,2.43); -718429589,2.52); -624163090,2.52); -572975810,2.52); -425232550,2.56); -357213955,2.56); -170559268,2.54); -159059217,2.54); -36043517,2.53); ]
2.83704078691
[(-925232550,2.56); -857213955,2.56); -670559268,2.54); -659059217,2.54); -536043517,2.53); -417014849,2.53); -340835474,2.54); -257424118,2.54); -108810748,2.56); -57467672,2.56); ]
2.58732164717
[(-1036043517,2.53); -917014849,2.53); -840835474,2.54); -757424118,2.54); -608810748,2.56); -557467672,2.56); -413516708,2.53); -358026694,2.53); -221448786,2.54); -157372095,2.54); ]
2.52633992407
[(-858026694,2.53); -721448786,2.54); -657372095,2.54); -492023801,2.53); -472723414,2.53); -350602436,2.53); -228675737,2.53); -157332291,2.54); -57450574,2.54); 127254413,2.54); ]
2.56352279028
