[(-571220688,2.); -285936092,2.); -70181632,2.); ]
1.25
[(-570181632,2.); -318285402,2.); -71405564,2.); ]
1.25
[(-571405564,2.); -313484516,2.); -66341652,2.); ]
1.25
[(-566341652,2.); -306116130,2.); -73398529,2.); ]
1.25
[(-573398529,2.); -310924588,2.); -69084891,2.); ]
1.25
[(-569084891,2.); -308499435,2.); -80989351,2.); ]
1.25
[(-580989351,2.); -309495354,2.); -70902547,2.); ]
1.25
[(-570902547,2.); -316083576,2.); -63787051,2.); ]
1.25
[(-563787051,2.); -315717306,2.); -59304985,0.517); ]
1.25
[(-559304985,0.517); -300467349,0.107); -72042466,0.095); ]
0.107
[(-572042466,0.095); -309427678,2.); -69922889,2.); ]
1.25
[(-569922889,2.); -303299447,2.); -72291927,2.); ]
1.25
[(-572291927,2.); -308663422,2.); -69817929,2.); ]
1.25
[(-569817929,2.); -314663995,2.); -68502594,2.); ]
1.25
[(-568502594,2.); -312215788,2.); -66312956,2.); ]
1.25
[(-566312956,2.); -313965631,2.); -64774311,2.); ]
1.25
[(-564774311,2.); -310094716,2.); -64929624,2.); ]
1.25
[(-564929624,2.); -317711647,2.); -56516194,2.); ]
1.25
