[(-322842541,0.); -318892916,0.); -264956150,0.); -261697328,0.); -229843109,0.); -226588009,0.); -177374503,0.); -174080495,0.); -111121249,0.); -107715481,0.); -62975973,0.); -56284660,0.); -31024161,0.); -23910660,0.); ]
0.
[(-412246101,0.); -362769818,0.); -276644132,0.); -273137678,0.); -204194239,0.); -200752027,0.); -159564402,0.); -153658633,0.); -100760082,0.); -93981176,0.); ]
0.
[(-470156281,0.); -465255224,0.); -247043429,0.); -243357881,0.); -168131448,0.); -164599179,0.); ]
0.
[(-476548996,0.); -472085442,0.); -303989871,0.); -296048345,0.); -139894221,0.); -132336531,0.); -71907423,0.); -68913751,0.); ]
0.
[(-374355119,0.); -361475369,0.); -271620213,0.); -267996944,0.); -51008412,0.); -47942147,0.); ]
0.
[(-468938874,0.); -464363153,0.); -233403171,0.); -226229393,0.); -144752641,0.); -140386699,0.); ]
0.
[(-422716785,15.); -403546467,15.); -319636604,60.); -309354746,90.); -204492255,60.); -200867152,90.); -41604067,90.); -33144482,120.); ]
0.645041481163
[(-302713385,135.); -291785095,165.); -222267053,105.); -217564720,165.); -118183611,105.); -110234030,165.); ]
0.645351500594
[(-392149346,135.); -379712601,150.); -295377332,135.); -290178439,135.); -163666618,135.); -159011749,135.); ]
0.644928061214
[(-469665827,150.); -459876603,180.); -371169156,105.); -366562731,180.); -140911519,135.); -135909184,165.); -70686086,135.); -65764621,165.); ]
0.645174505537
[(-425069160,120.); -417033931,150.); -243748773,135.); -233671676,135.); -51032520,135.); -47256472,135.); ]
0.645418625639
[(-447006530,135.); -430375791,150.); -268790232,90.); -264895424,150.); -172798011,135.); -168883777,165.); ]
0.645080038945
[(-402661449,135.); -391174101,165.); -319402808,135.); -313663542,135.); -222729471,105.); -215244784,195.); -34268260,105.); -25554193,195.); ]
0.644343317279
[(-282167403,150.); -273609134,120.); -222818024,105.); -215412615,120.); -119956681,30.); -111940731,60.); ]
0.644713532238
[(-437654787,30.); -429647781,60.); -211275499,15.); -207272024,30.); -164194843,0.); -154903420,0.); ]
0.
[(-470427176,0.); -460741751,0.); -343868752,0.); -335333816,0.); -148813454,0.); -145090408,0.); -68161693,0.); -64040218,0.); ]
0.
[(-411478410,0.); -401433352,0.); -226106224,0.); -216743208,0.); -36884989,0.); -32148805,0.); ]
0.
[(-470576523,0.); -466684401,0.); -270537735,0.); -265992201,0.); -166294319,0.); -161607376,0.); ]
0.
[(-420920226,0.); -417158994,0.); -333225860,0.); -327073758,0.); -220384767,0.); -216634480,0.); -34676347,0.); -25952873,0.); ]
0.
