5512056
1461982
635912932
627615793
628886823
638825515
628583835
622583615
613848890
604386313
592262807
557928385
544524478
549281034
528109869
515070721
510482968
490000471
449141887
463881058
447744979
447467438
430657949
409582870
415855739
408221741
389602907
372215771
356932597
372302315
354858896
340066216
337108039
333294202
329240116
308080884
306538034
589268158
588135502
560130343
538639496
496725811
286393765
277317905
253694260
263313924
245866929
245793440
249677764
238860295
246078664
226450663
243191465
240674493
215229850
234256241
228664036
237530928
220932284
224635807
214860813
209741824
222955572
223027589
211143698
196910351
211488185
192734793
198854743
187496848
201498645
188065479
191864237
187070405
188109476
181444781
186471757
186775892
188908164
179825607
180030216
191621020
177078980
218910467
401205811
395611254
398607150
378931397
374457055
373929327
280680699
178187332
169877568
197329314
171796514
178902690
186507292
161091499
175882996
165584054
174927172
179142980
167721716
162075499
164386367
172718589
164143872
160022869
162118183
163939241
158548972
170802736
163412668
172640778
160564464
174807185
170858188
156830354
179817929
170266714
174721312
176413016
158956034
172561555
164156222
163950292
165675224
157212595
175257276
161581685
156060979
178876544
154567796
159752295
166494083
154600929
171618244
164939903
157946823
162264278
154411028
160394188
263551823
351076168
353695304
348517377
344482372
350674729
319685186
141121109
152323575
146468853
142710444
152361092
138796241
223286241
352857609
349090721
214588850
145059907
152801332
143923759
139401257
154325133
139058889
141737519
142913945
147582705
148178776
144643760
139205092
146768925
143632795
147278314
134430238
147946665
136450666
141339333
137907517
148825761
138808723
143466146
136310665
137769888
142837685
137140794
151635184
134976761
143481184
136883331
140077464
135076593
148956612
135171017
145116185
132732070
135743520
145613056
135419889
141551241
134760296
146893223
135515705
140079296
135900485
142895265
142194262
140682554
146579302
146620458
137342618
143535613
142391431
138419015
155559532
144075701
134058391
155521369
143498113
143564241
147931691
139584927
136529327
147354189
141813538
130592145
154432427
137265356
131483219
148650796
143135613
143842090
153805588
140388542
130183244
146971214
136618459
131988368
150584320
143034535
133563495
143414095
139778366
128100263
147724793
128400096
134590282
140257353
136795497
135661681
143509097
143572627
131941799
204499275
323393729
330923319
318748774
335349843
