3782370
71500683
67056669
65387857
65914573
65722260
63069388
61480649
59972850
59342110
67308554
64455887
65014836
68293113
76739134
81294929
64960017
70272600
68665299
77611869
71820591
74798725
80709926
65837499
67349353
65829333
74384130
67040779
64721833
68755461
69687128
70033931
71586888
78938241
71714332
71090943
65764019
71848258
75368841
80340423
80636410
65549464
80809944
76259203
74182666
73819336
72561905
74399407
76325222
71732519
70346354
107255196
166467760
169676797
168565310
3324777
154975722
1934074
68804833
71785225
2344667
72560556
69177962
68064906
69712648
63848426
75603408
71706422
2713406
81834351
66034167
67140294
62787533
66749628
66799702
66571446
66055185
68741592
66341203
94325407
4687092
157172633
3574852
156847102
4574240
163161483
70940479
72957554
71474555
71510150
76761441
64733335
63918351
62484576
63591297
65434333
67493555
70488200
71142091
69858574
69635629
71577392
70981537
71863331
64747017
67125759
68829890
89032338
156269982
156725851
165443368
169537239
155889946
158825259
62046593
60422387
62044854
123878186
154645920
160646779
159351875
157664579
155539332
101424281
65239110
68146036
68868389
63525112
67289754
63365519
63737555
66597091
65413611
66542349
62672128
64782687
63203406
68000187
66111167
69022494
71498907
67697340
63498370
62683890
64780926
62099982
65717159
65524885
62386721
68273663
71330704
66920574
66855331
62780039
65863628
68572426
63187018
67369743
63395836
67466944
61559400
68072112
134926371
156517686
155068835
