4350112
72793406
67080429
62712646
63980278
62788592
60632740
61615225
61050242
63878225
69612446
62982406
69587295
67785085
72029792
69024500
61622295
66260037
71116854
70304721
71083056
70679209
73504273
67191297
60861369
60522370
65880241
66067350
73611111
73970872
69341613
68951573
67433152
71042574
66907904
65687076
67271818
70079705
75850165
72152590
77155483
81385726
68850164
78356647
74009685
71364910
70701147
71472354
71985814
69836961
74227484
74679427
66675020
130434910
162570444
167696361
4950463
4123407
5797055
3299073
4855611
4407814
4517018
76617776
63522061
65691224
63301982
65868573
71714611
3947204
3283500
2950463
2932870
2956352
2334334
3672389
3033371
67015811
67301964
65758350
66257534
66411536
155422855
5320444
4304148
150002587
4097426
5493426
3248426
3051388
74500999
71796353
74531331
64108314
63544780
63760519
63245811
67065905
68794107
68438223
72219946
72145110
67505462
63150425
68990703
68790465
65862296
69521165
69614109
68035092
156605052
152959955
158821761
165756082
155416522
158720906
63383837
63102483
64441389
119747036
153438645
148801128
153057594
158396275
153058963
66661742
66636705
67628721
65843352
67867742
63738812
63092353
66181927
67766485
63476092
61800972
62490406
65070106
68799555
65149185
67603203
70822058
67453165
62279351
64196609
66724206
66822912
65391350
67296114
62184910
62747592
64862148
63527554
64026393
61092719
63249777
69624393
63687205
65642459
63619388
64837444
2325852
62091927
143610997
163198961
166377068
