6679370
3616592
3965537
3094999
2916777
3038759
4167445
3985702
3679203
3872388
4206278
5097314
4102722
4447741
2980019
4543927
3287518
7406666
5182147
6126017
5675797
5567259
4664148
4176778
3463462
4475408
4951000
3755149
4629611
3827352
3077240
3605963
2682278
2454297
2968537
3380056
2467130
4905260
2403481
2350834
3240111
4252537
2856185
4042629
3589260
3721408
4399167
3618631
3478592
4575870
4025648
3314445
4159574
5287482
4501945
4179222
5203296
5220925
3741944
3237092
3779112
3707982
4084721
5224572
2746020
4039759
2585981
2911355
3621500
3098092
3075166
3017186
2960611
2376371
2640667
2655184
3290241
3814315
3524925
3407426
3206241
4440851
4520556
3533944
4736297
4415890
3833129
4468723
3151222
2857982
4853091
2743667
2671240
3465056
2910537
2554630
2972981
3913758
2718074
2854632
3026389
2957093
2461000
2700351
2672112
2739981
3259333
3508815
2933537
3890759
4143092
4477537
3913628
4188091
4453037
3361222
2917277
3002944
2520795
4351036
4511092
3636537
4428129
4079741
4188111
2443019
2962481
2647168
2815537
2331166
2669352
4947000
3254889
3125556
2452501
3080814
3217131
2490464
2735352
2927963
2819611
2677297
3189501
3125686
2912463
2799555
2567575
2872926
3570537
3106074
2551964
3113500
2802482
2565482
2741166
2789629
2836685
3262704
3055611
3241463
2505945
3939166
3045333
3469463
4713853
4699501
3892926
