5465332
1823574
302348632
514102809
825191661
502823182
698556773
691373334
743391107
711709255
694009865
701216037
791161256
850777405
1294935401
775229055
1210035621
752100598
1186082256
1169643192
720237350
1136175713
888908171
790828226
1391800346
1194664169
1066465772
676236071
788983059
899070459
1003923864
661146277
1164807635
802366075
611774178
1184527038
1728210490
1035788314
1102809764
882530119
941935755
955161387
610767683
887206054
993835018
1497075455
1214876101
1453325461
1308978194
969420817
693149432
998614383
963662426
808074584
975642270
740703053
929947014
941996320
855451543
784469325
1161521997
786977736
562814886
1015770220
948263379
895733555
