4495944
72576061
66105075
2489909
2142722
61383706
63294865
59900945
60429042
2243463
2946130
2972907
3851073
3698185
4856833
2995574
2454150
74893040
72134555
75989519
75522908
67666109
89829257
72029428
68566793
65112461
68146334
75434813
77451775
72646909
63076794
65016499
70349240
76117129
67611942
62953073
69210273
65572517
71153186
75366297
85397583
82248224
65970649
77515684
75588594
74493389
70164816
72844369
73714684
74313200
66447054
75311426
71347500
127077537
163422336
4463167
6929833
4150555
5345593
1330630
6116407
3565795
2184018
2844018
63456608
63241924
67274333
66396924
76913057
74145478
75122704
79171721
69615593
67116388
66114596
71119956
69429054
67830743
69883019
67429521
64312539
109137294
154679313
157153184
4196444
4107575
6615407
2680981
3126853
73696535
71711018
70805923
64982779
3917574
63503760
64333276
66908628
67808480
66738924
72884387
71523203
68924280
71608294
70827239
73306887
68032092
70484258
74069723
98630628
152961797
156717126
163802382
159215908
162625371
157108401
61533758
64129550
62675646
74408943
150842276
154596167
156195833
153084776
155238260
92736945
64654946
64623425
66720704
67265703
65917610
63053372
64037313
67227204
65716941
65677758
63428945
60037648
63442124
66366500
66988410
66686278
71782463
72844186
63973371
62375942
68156467
69335093
64385500
64995352
67263627
69051294
64943370
62251039
64558575
65573169
3757982
2673612
2952370
2574926
2784834
2461426
2085168
65694408
137187387
3393167
4894815
