3547611
3929630
3442056
3816980
3193648
3867945
3536814
3862555
3693981
2930962
3408854
5028870
4208426
3865038
4525870
3966426
4750666
3823537
3797704
2716796
3700666
4005630
5283463
5670074
2804408
2858648
3990130
3653889
4029408
4811610
3331945
3604537
66753387
69362501
64968912
68147276
68720109
66311886
70715907
72617611
76032998
77655722
66914484
77607445
70198905
68071035
67482018
67463183
68978833
71589372
70123631
68547411
68419275
70468499
4282685
3912372
6683963
3368241
5103242
6203296
3861630
3287278
4714166
3030611
65791816
64949518
61078277
64414760
71539000
73836165
70268402
62014668
62423626
64804996
64770903
64692000
62324073
67909698
64700408
61194332
69099944
155478398
148849814
144485705
4164741
4920779
4828370
4146815
3078056
4034944
5714889
67277092
62275829
63571722
62781718
63269297
65913963
66721092
66913387
72381903
65278187
62221816
66346112
64809872
67982960
67081054
69076687
67725499
67590424
156218538
146442484
154666687
160116830
150561406
127732001
57960722
61500905
116004651
143009243
146494809
150054533
143257960
142615590
129176680
64233169
66573298
65049812
67626172
63933966
61800479
63178980
64112021
66528593
66702242
61565921
61140275
63567717
65304097
63674885
64869738
69159003
65930814
65688109
62563665
64848571
63587685
66600964
59956224
63488021
62414520
66334313
63065516
62001148
61317355
60766685
3120703
3272426
3226166
3930518
3530777
3980408
4243945
4109167
153329132
153799131
