6410519
2390407
3180093
2861075
3508445
2345388
3271814
2944111
4524111
4278519
3281518
4971371
4105666
8524592
3929224
5410130
5674295
3065278
3162019
7421038
5606406
5954593
4285389
3615722
4899277
4179777
4784389
3030389
3739517
3900797
2820945
3184703
2966851
2577000
3540259
3517890
3448667
4229981
2458889
3546704
2721242
3598629
3874519
3860889
3764963
4547240
2925464
4068444
3886260
4347056
3890240
3818759
5468204
4727537
4731056
5441648
4977186
4641351
3446851
3249092
4168610
3848222
5879463
4434907
3052723
4275852
3797593
3262259
3507852
3069130
3149353
2899537
2876703
2163613
2844390
3267112
3371796
4551630
3029481
3634981
3130129
4544796
4869055
4745629
5776498
5040312
5484259
3912537
3871684
3202296
3651649
3115258
4203666
3036148
3499778
2727037
3410963
3179018
3344389
3638371
2915185
2127518
3113370
2986908
3130629
2825833
3097778
3508907
3467056
4490760
3725797
4479370
4770925
4621722
4188888
3401739
3014204
2787555
3292353
4330463
4434259
4972335
4160315
5104795
3386000
3024925
3367500
3037667
2589408
2294131
2665536
5655260
3066778
2531592
2493036
3790943
3336758
2860556
2710222
2905556
2563648
2514109
2697907
3214093
2772685
2533704
2745055
2325944
2932685
2359408
3766594
3029295
3046796
3070259
3084555
3137945
3620796
3574814
3665926
4069555
3927630
3531851
4150500
2438888
4429185
3756019
3692742
