3220814
71056578
53170109
52987057
77504594
56442298
62767272
148155242
85905664
54719871
55915723
55770298
60264376
78173943
59939665
66556706
109604819
81321297
110901651
70237296
169446140
95070796
61261038
75698314
58403169
64254926
119763450
89039707
106272556
71874648
126726535
88261279
75157500
74559888
68281555
131060440
68579459
104347465
78280946
75496241
85172314
114552328
55183555
115944058
87471184
112487372
113427705
93799314
126529980
139275913
77401628
60152336
56046832
204847725
137926309
238824016
174248325
205889877
258168127
131392462
119140593
96228606
105524068
118634721
83052441
108722055
96146526
113471297
63470076
116040566
87517703
129740666
75373723
65681740
36147498
101546020
75878037
66323555
77805572
83916871
57485498
182211035
194220868
271064482
134945476
244300335
140040662
254813629
82202793
107000996
57896351
102064686
56940793
104436680
78157758
90924232
74029612
87477003
58496609
115493280
78299948
123417387
99211039
78980539
77297831
56418297
92131666
60650204
99392818
114077282
228446035
185067667
138086276
133824090
161784962
138629720
48316906
58192649
70040778
149830166
134526448
180863615
128201405
131105167
188353181
110954851
53134815
77202112
115075741
85509905
79289332
74382649
72277256
65600332
89308702
82807816
106430460
54745959
72460223
54399797
55172185
96149775
76149854
65414110
74017797
114595333
66418572
73071850
54357428
57072666
94732998
75956630
70898755
78469925
102727130
55292054
104187055
87088129
85698408
84212258
103465906
57396315
102411947
72429684
232520463
139152927
264259646
148981535
