[(-797015089,2.); -547148656,2.); -297005916,2.); -46958404,2.); ]
1.25
[(-1297015089,2.); -1047148656,2.); -797005916,2.); -546958404,2.); -296494870,2.); -46950456,2.); ]
1.25
[(-1797015089,2.); -1547148656,2.); -1297005916,2.); -1046958404,2.); -796494870,2.); -546950456,2.); -296468663,2.); -46754262,2.); ]
1.25
[(-2297015089,2.); -2047148656,2.); -1797005916,2.); -1546958404,2.); -1296494870,2.); -1046950456,2.); -796468663,2.); -546754262,2.); -296496602,2.); -46684225,2.); ]
1.25
[(-2297005916,2.); -2046958404,2.); -1796494870,2.); -1546950456,2.); -1296468663,2.); -1046754262,2.); -796496602,2.); -546684225,2.); -296729833,2.); -46815281,2.); ]
1.25
[(-2296494870,2.); -2046950456,2.); -1796468663,2.); -1546754262,2.); -1296496602,2.); -1046684225,2.); -796729833,2.); -546815281,2.); -296329564,2.); -48670649,2.); ]
1.25
[(-2296468663,2.); -2046754262,2.); -1796496602,2.); -1546684225,2.); -1296729833,2.); -1046815281,2.); -796329564,2.); -548670649,2.); -296009017,2.); -46664087,2.); ]
1.25
[(-2296496602,2.); -2046684225,2.); -1796729833,2.); -1546815281,2.); -1296329564,2.); -1048670649,2.); -796009017,2.); -546664087,2.); -295291092,2.); -46763249,2.); ]
1.25
[(-2296729833,2.); -2046815281,2.); -1796329564,2.); -1548670649,2.); -1296009017,2.); -1046664087,2.); -795291092,2.); -546763249,2.); -296892597,2.); -46440395,2.); ]
1.25
[(-2296329564,2.); -2048670649,2.); -1796009017,2.); -1546664087,2.); -1295291092,2.); -1046763249,2.); -796892597,2.); -546440395,2.); -296729284,2.); -46296973,2.); ]
1.25
[(-2296009017,2.); -2046664087,2.); -1795291092,2.); -1546763249,2.); -1296892597,2.); -1046440395,2.); -796729284,2.); -546296973,2.); -296623397,2.); -46233499,2.); ]
1.25
[(-2295291092,2.); -2046763249,2.); -1796892597,2.); -1546440395,2.); -1296729284,2.); -1046296973,2.); -796623397,2.); -546233499,2.); -295162938,2.); -46309939,2.); ]
1.25
[(-2296892597,2.); -2046440395,2.); -1796729284,2.); -1546296973,2.); -1296623397,2.); -1046233499,2.); -795162938,2.); -546309939,2.); -295530036,2.); -47668772,2.); ]
1.25
[(-2296729284,2.); -2046296973,2.); -1796623397,2.); -1546233499,2.); -1295162938,2.); -1046309939,2.); -795530036,2.); -547668772,2.); -296474243,2.); -46121706,2.); ]
1.25
[(-2296623397,2.); -2046233499,2.); -1795162938,2.); -1546309939,2.); -1295530036,2.); -1047668772,2.); -796474243,2.); -546121706,2.); -296572607,2.); -45087445,2.); ]
1.25
[(-2295162938,2.); -2046309939,2.); -1795530036,2.); -1547668772,2.); -1296474243,2.); -1046121706,2.); -796572607,2.); -545087445,2.); -294956391,2.); -46150888,2.); ]
1.25
[(-2295530036,2.); -2047668772,2.); -1796474243,2.); -1546121706,2.); -1296572607,2.); -1045087445,2.); -794956391,2.); -546150888,2.); -296159848,2.); -45260787,2.); ]
1.25
[(-2296474243,2.); -2046121706,2.); -1796572607,2.); -1545087445,2.); -1294956391,2.); -1046150888,2.); -796159848,2.); -545260787,2.); -294825492,2.); -46357376,2.); ]
1.25
[(-2296572607,2.); -2045087445,2.); -1794956391,2.); -1546150888,2.); -1296159848,2.); -1045260787,2.); -794825492,2.); -546357376,2.); -296739073,2.); -46337690,2.); ]
1.25
