[(-349076748,4.); -259702587,4.); -59576348,4.); ]
4.
[(-849076748,4.); -759702587,4.); -559576348,4.); -459627308,4.); -249616132,4.); -159088787,1.31); 1088747,1.31); ]
3.24887316073
[(-1349076748,4.); -1259702587,4.); -1059576348,4.); -959627308,4.); -749616132,4.); -659088787,1.31); -498911253,1.31); -345249555,4.); -159670710,3.54); -59503885,3.54); ]
3.38721071915
[(-1459627308,4.); -1249616132,4.); -1159088787,1.31); -998911253,1.31); -845249555,4.); -659670710,3.54); -559503885,3.54); -392343324,1.16); -259641500,4.); -47805971,4.); ]
3.05307786315
[(-1498911253,1.31); -1345249555,4.); -1159670710,3.54); -1059503885,3.54); -892343324,1.16); -759641500,4.); -547805971,4.); -459483525,4.); -306143139,4.); -140058478,4.); ]
3.36979391656
[(-1392343324,1.16); -1259641500,4.); -1047805971,4.); -959483525,4.); -806143139,4.); -640058478,4.); -459613038,4.); -313646664,3.2); -209899122,4.); -51346809,1.24); ]
3.2
[(-1459483525,4.); -1306143139,4.); -1140058478,4.); -959613038,4.); -813646664,3.2); -709899122,4.); -551346809,1.24); -333193298,1.24); -236003759,4.); -59498667,2.83); ]
2.83
[(-1313646664,3.2); -1209899122,4.); -1051346809,1.24); -833193298,1.24); -736003759,4.); -559498667,2.83); -459634230,2.83); -310429740,1.21); -159567805,4.); -6565771,4.); ]
4.
[(-1333193298,1.24); -1236003759,4.); -1059498667,2.83); -959634230,2.83); -810429740,1.21); -659567805,4.); -506565771,4.); -340369516,4.); -204839609,4.); -59462099,4.); ]
4.
[(-1459634230,2.83); -1310429740,1.21); -1159567805,4.); -1006565771,4.); -840369516,4.); -704839609,4.); -559462099,4.); -389413018,4.); -259658322,3.67); -49428601,4.); ]
4.
[(-1506565771,4.); -1340369516,4.); -1204839609,4.); -1059462099,4.); -889413018,4.); -759658322,3.67); -549428601,4.); -455740054,1.91); -272139490,1.91); -159621100,2.22); ]
1.91
[(-1389413018,4.); -1259658322,3.67); -1049428601,4.); -955740054,1.91); -772139490,1.91); -659621100,2.22); -459616673,2.11); -352451339,2.11); -210013801,2.56); -42715499,2.92); ]
2.56
[(-1455740054,1.91); -1272139490,1.91); -1159621100,2.22); -959616673,2.11); -852451339,2.11); -710013801,2.56); -542715499,2.92); -358463407,2.83); -214429495,2.83); -101059191,2.74); ]
2.03107431706
[(-1459616673,2.11); -1352451339,2.11); -1210013801,2.56); -1042715499,2.92); -858463407,2.83); -714429495,2.83); -601059191,2.74); -459596126,2.7); -259125480,2.56); -159500660,1.66); ]
2.0743304791
[(-1214429495,2.83); -1101059191,2.74); -959596126,2.7); -759125480,2.56); -659500660,1.66); -474880734,3.32); -359415776,3.31); -159601283,3.31); -59344891,2.54); 127306380,2.17); ]
2.73035722671
[(-1259125480,2.56); -1159500660,1.66); -974880734,3.32); -859415776,3.31); -659601283,3.31); -559344891,2.54); -372693620,2.17); -259609403,2.17); -44351989,2.66); 40402196,2.69); ]
2.63528779748
[(-1474880734,3.32); -1359415776,3.31); -1159601283,3.31); -1059344891,2.54); -872693620,2.17); -759609403,2.17); -544351989,2.66); -459597804,2.69); -285501909,2.67); -159575483,2.67); ]
2.73094441733
[(-1372693620,2.17); -1259609403,2.17); -1044351989,2.66); -959597804,2.69); -785501909,2.67); -659575483,2.67); -446912803,3.32); -344518925,2.67); -209824050,2.67); -22241172,2.67); ]
2.70279322967
[(-1159575483,2.67); -946912803,3.32); -844518925,2.67); -709824050,2.67); -522241172,2.67); -388995570,2.68); -260724832,2.67); -105463432,2.67); 40432704,3.31); 189244322,1.81); ]
2.70169368914
