[(-336848291,4.); -251151850,4.); -50960798,4.); ]
4.
[(-836848291,4.); -751151850,4.); -550960798,4.); -448488780,4.); -241543861,4.); -132198633,4.); ]
4.
[(-1336848291,4.); -1251151850,4.); -1050960798,4.); -948488780,4.); -741543861,4.); -632198633,4.); -485308523,4.); -320985635,4.); -142774526,4.); -50277668,4.); ]
4.
[(-1448488780,4.); -1241543861,4.); -1132198633,4.); -985308523,4.); -820985635,4.); -642774526,4.); -550277668,4.); -378481788,4.); -246463887,4.); -39319084,4.); ]
4.
[(-1485308523,4.); -1320985635,4.); -1142774526,4.); -1050277668,4.); -878481788,4.); -746463887,4.); -539319084,4.); -449736233,4.); -295409617,4.); -125187454,4.); ]
4.
[(-1378481788,4.); -1246463887,4.); -1039319084,4.); -949736233,4.); -795409617,4.); -625187454,4.); -418871922,4.); -301078940,4.); -201425716,4.); -38080940,4.); ]
4.
[(-1449736233,4.); -1295409617,4.); -1125187454,4.); -918871922,4.); -801078940,4.); -701425716,4.); -538080940,4.); -318164984,0.33); -226706694,4.); -47035718,4.); ]
4.
[(-1418871922,4.); -1301078940,4.); -1201425716,4.); -1038080940,4.); -818164984,0.33); -726706694,4.); -547035718,4.); -444280906,4.); -294122761,4.); -149350934,4.); ]
4.
[(-1318164984,0.33); -1226706694,4.); -1047035718,4.); -944280906,4.); -794122761,4.); -649350934,4.); -490569098,4.); -323777046,4.); -191262454,4.); -49498610,4.); ]
4.
[(-1444280906,4.); -1294122761,4.); -1149350934,4.); -990569098,4.); -823777046,4.); -691262454,4.); -549498610,4.); -372053276,4.); -250404330,4.); -40173182,4.); ]
4.
[(-1490569098,4.); -1323777046,4.); -1191262454,4.); -1049498610,4.); -872053276,4.); -750404330,4.); -540173182,4.); -440878809,2.36); -256526250,2.36); -149549818,2.22); ]
2.36
[(-1372053276,4.); -1250404330,4.); -1040173182,4.); -940878809,2.36); -756526250,2.36); -649549818,2.22); -449526281,2.11); -335544324,2.11); -200028701,3.8); -29552146,3.65); ]
3.65
[(-1440878809,2.36); -1256526250,2.36); -1149549818,2.22); -949526281,2.11); -835544324,2.11); -700028701,3.8); -529552146,3.65); -337587052,3.48); -199632156,3.48); -89917738,3.38); ]
2.40352580093
[(-1449526281,2.11); -1335544324,2.11); -1200028701,3.8); -1029552146,3.65); -837587052,3.48); -699632156,3.48); -589917738,3.38); -448978176,3.35); -248197817,3.35); -149354770,3.31); ]
2.6775174958
[(-1337587052,3.48); -1199632156,3.48); -1089917738,3.38); -948978176,3.35); -748197817,3.35); -649354770,3.31); -459935826,3.3); -343945124,3.31); -145707231,3.31); -44915652,3.31); ]
3.08342415069
[(-1248197817,3.35); -1149354770,3.31); -959935826,3.3); -843945124,3.31); -645707231,3.31); -544915652,3.31); -357360353,3.31); -245447822,3.31); -33138335,3.3); 51936377,1.62); ]
3.09297794334
[(-1459935826,3.3); -1343945124,3.31); -1145707231,3.31); -1044915652,3.31); -857360353,3.31); -745447822,3.31); -533138335,3.3); -448063623,1.62); -273125236,3.32); -145604785,3.32); ]
3.13065945973
[(-1357360353,3.31); -1245447822,3.31); -1033138335,3.3); -948063623,1.62); -773125236,3.32); -645604785,3.32); -437167660,3.31); -329301729,3.32); -196829563,3.32); 3989811,3.31); ]
3.09090430025
[(-1448063623,1.62); -1273125236,3.32); -1145604785,3.32); -937167660,3.31); -829301729,3.32); -696829563,3.32); -496010189,3.31); -371592553,1.62); -250067698,1.62); -95973021,3.32); ]
2.8059248382
[(-1329301729,3.32); -1196829563,3.32); -996010189,3.31); -871592553,1.62); -750067698,1.62); -595973021,3.32); -441992007,3.31); -297363685,3.3); -133410743,3.3); 4271587,3.31); ]
2.96780281669
