[(-508158465,2.); -253797985,2.); -7060742,0.206); ]
1.25
[(-507060742,0.206); -256344216,2.); -7533279,0.063); ]
0.206
[(-507533279,0.063); -254171445,2.); -4022613,0.); ]
0.063
[(-504022613,0.); -256508443,2.); -6130509,2.); ]
1.25
[(-506130509,2.); -257996432,2.); -7393327,2.); ]
1.25
[(-507393327,2.); -252660760,2.); -7341365,2.); ]
1.25
[(-507341365,2.); -248416519,0.393); -5318230,0.38); ]
0.393
[(-505318230,0.38); -251131377,0.366); -6874977,0.366); ]
0.366
[(-506874977,0.366); -250998547,0.355); -5680761,0.348); ]
0.355
[(-505680761,0.348); -254299109,0.346); -4236897,0.344); ]
0.346
[(-504236897,0.344); -248540489,2.); -4540357,2.); ]
1.25
[(-504540357,2.); -247588590,2.); -2555139,0.101); ]
1.25
[(-502555139,0.101); -247345262,2.); -1382977,2.); ]
1.25
[(-501382977,2.); -255655259,2.); -962542,2.); ]
1.25
[(-500962542,2.); -255715532,0.074); 46571,0.); ]
0.074
[(-755715532,0.074); -499953429,0.); -252463348,2.); ]
0.074
[(-752463348,2.); -495503191,2.); -249030376,2.); ]
1.25
[(-499562752,0.028); -248770579,2.); -1290802,2.); ]
1.25
[(-501290802,2.); -250145899,2.); -4395353,2.); ]
1.25
[(-504395353,2.); -250528487,2.); -1282125,0.); ]
