[(-470999706,0.38); -335136788,0.27); -282023327,0.27); -215013368,0.27); -107415082,0.27); -16664500,0.27); ]
0.315838299827
[(-970999706,0.38); -835136788,0.27); -782023327,0.27); -715013368,0.27); -607415082,0.27); -516664500,0.27); -358877071,0.27); -235115818,0.27); -183392890,0.27); -95504891,0.27); ]
0.323059401386
[(-858877071,0.27); -735115818,0.27); -683392890,0.27); -595504891,0.27); -483325158,0.27); -334698323,0.27); -237224526,0.27); -225572126,0.27); -78748088,0.27); -15583754,0.27); ]
0.165296397797
[(-983325158,0.27); -834698323,0.27); -737224526,0.27); -725572126,0.27); -578748088,0.27); -515583754,0.27); -387499547,0.27); -329393371,4.); -182125016,0.27); -34937884,0.27); ]
0.685565565642
[(-887499547,0.27); -829393371,4.); -682125016,0.27); -534937884,0.27); -467305468,0.27); -415260534,0.27); -293443972,0.27); -135103110,0.27); -46434416,0.27); -29729227,0.27); ]
0.723043949108
[(-967305468,0.27); -915260534,0.27); -793443972,0.27); -635103110,0.27); -546434416,0.27); -529729227,0.27); -304553498,0.27); -264104707,0.27); -199277632,0.27); -34860704,0.27); ]
0.27
[(-804553498,0.27); -764104707,0.27); -699277632,0.27); -534860704,0.27); -460002069,4.); -335024720,4.); -222244403,0.47); -193031341,0.47); -110186305,0.47); -11058344,1.23); ]
0.47
[(-835024720,4.); -722244403,0.47); -693031341,0.47); -610186305,0.47); -511058344,1.23); -324752962,1.23); -309043909,0.94); -203117845,0.94); -113105421,1.31); 1524335,1.31); ]
1.31
[(-824752962,1.23); -809043909,0.94); -703117845,0.94); -613105421,1.31); -498475665,1.31); -335070953,1.12); -203029143,1.12); -188996150,1.2); -102060409,1.2); -4845116,1.37); ]
1.2
[(-998475665,1.31); -835070953,1.12); -703029143,1.12); -688996150,1.2); -602060409,1.2); -504845116,1.37); -383963331,1.37); -320948944,1.47); -186062241,1.47); -34747587,1.57); ]
1.47
[(-883963331,1.37); -820948944,1.47); -686062241,1.47); -534747587,1.57); -443212214,1.57); -385633087,1.93); -271775904,1.93); -211901311,2.01); -76958725,2.01); -29507637,2.01); ]
2.01
[(-943212214,1.57); -885633087,1.93); -771775904,1.93); -711901311,2.01); -576958725,2.01); -529507637,2.01); -347607280,2.08); -281679930,2.08); -197803247,2.44); -34801923,2.44); ]
2.44
[(-847607280,2.08); -781679930,2.08); -697803247,2.44); -534801923,2.44); -442832382,2.44); -426941059,2.44); -209165986,4.); -153362751,4.); -91004848,4.); -29599138,4.); ]
3.31324393015
[(-926941059,2.44); -709165986,4.); -653362751,4.); -591004848,4.); -529599138,4.); -377427275,3.26); -329735566,3.26); -172388717,3.26); -108574732,3.26); 23679632,4.); ]
3.82898834342
[(-877427275,3.26); -829735566,3.26); -672388717,3.26); -608574732,3.26); -476320368,4.); -416795676,4.); -246529101,3.29); -229816490,3.29); -56913589,3.29); -6076109,3.29); ]
3.6536251735
[(-916795676,4.); -746529101,3.29); -729816490,3.29); -556913589,3.29); -506076109,3.29); -364580884,3.29); -308025748,3.29); -178897585,4.); -34739132,2.75); 41332786,2.75); ]
3.29349987814
[(-1006076109,3.29); -864580884,3.29); -808025748,3.29); -678897585,4.); -534739132,2.75); -458667214,2.75); -396798967,2.76); -276191413,2.76); -229874091,2.76); -80463893,2.76); ]
2.96340781923
[(-337013687,4.); -283180802,3.3); -193699561,3.3); -34599947,3.3); 76152799,3.3); 92971739,4.); 245235603,4.); 286264828,4.); 405876965,4.); 470037454,4.); ]
3.71966727511
[(-534599947,3.3); -423847201,3.3); -407028261,4.); -254764397,4.); -213735172,4.); -94123035,4.); -29962546,4.); 169172695,4.); 188790863,4.); 309425578,4.); ]
3.85715226599
