[(-467687882,1.); -327493949,0.99); -274639888,0.99); -212166307,0.99); -104526689,0.99); -12806211,1.); ]
0.984545957311
[(-967687882,1.); -827493949,0.99); -774639888,0.99); -712166307,0.99); -604526689,0.99); -512806211,1.); -355694557,1.); -228822567,0.99); -180478073,0.99); -88933334,1.); ]
0.997511235278
[(-855694557,1.); -728822567,0.99); -680478073,0.99); -588933334,1.); -478668912,1.); -329112625,1.); -232777237,1.); -221167687,0.99); -75727588,0.99); -10437782,0.99); ]
0.962746924832
[(-978668912,1.); -829112625,1.); -732777237,1.); -721167687,0.99); -575727588,0.99); -510437782,0.99); -373291947,0.99); -320265949,0.99); -178252728,0.99); -30601351,0.99); ]
1.03717260176
[(-873291947,0.99); -820265949,0.99); -678252728,0.99); -530601351,0.99); -463213298,0.99); -403469120,0.99); -285302649,0.99); -126956861,0.99); -43030428,0.99); -25429212,0.99); ]
1.00587966202
[(-963213298,0.99); -903469120,0.99); -785302649,0.99); -626956861,0.99); -543030428,0.99); -525429212,0.99); -294555454,1.); -260465727,1.); -189579283,1.02); -30181274,1.02); ]
1.02
[(-794555454,1.); -760465727,1.); -689579283,1.02); -530181274,1.02); -453994273,1.08); -320156698,1.08); -214850409,1.24); -185631477,1.24); -103409940,1.24); -1305126,1.38); ]
1.24
[(-953994273,1.08); -820156698,1.08); -714850409,1.24); -685631477,1.24); -603409940,1.24); -501305126,1.38); -315297642,1.38); -299112901,0.99); -199649822,0.99); -108989789,1.05); ]
0.99
[(-815297642,1.38); -799112901,0.99); -699649822,0.99); -608989789,1.05); -492671734,1.05); -325324032,1.06); -192840420,1.06); -184393366,1.22); -94036472,1.22); 1875825,1.04); ]
1.22
[(-992671734,1.05); -825324032,1.06); -692840420,1.06); -684393366,1.22); -594036472,1.22); -498124175,1.04); -374304574,1.04); -305986869,1.15); -182178843,1.15); -29868386,1.28); ]
1.15
[(-874304574,1.04); -805986869,1.15); -682178843,1.15); -529868386,1.28); -437327859,1.28); -367119937,2.46); -259112629,2.46); -208092855,2.); -72605526,2.); -23797925,2.); ]
2.
[(-937327859,1.28); -867119937,2.46); -759112629,2.46); -708092855,2.); -572605526,2.); -523797925,2.); -340915469,2.68); -268262160,2.68); -189778866,2.82); -29496717,2.82); ]
2.82
[(-840915469,2.68); -768262160,2.68); -689778866,2.82); -529496717,2.82); -433932120,2.54); -419307480,2.54); -199191869,3.03); -146846230,3.03); -86120388,3.15); -22167609,3.15); ]
3.19716401101
[(-933932120,2.54); -919307480,2.54); -699191869,3.03); -646846230,3.03); -586120388,3.15); -522167609,3.15); -372778271,3.19); -321014207,3.19); -168000761,3.22); -104237274,3.22); ]
3.39367110992
[(-872778271,3.19); -821014207,3.19); -668000761,3.22); -604237274,3.22); -461815855,3.23); -407294026,3.23); -242580835,3.23); -224909605,3.23); -51697362,3.23); 744864,3.24); ]
3.50837402938
[(-961815855,3.23); -907294026,3.23); -742580835,3.23); -724909605,3.23); -551697362,3.23); -499255136,3.24); -358421575,3.24); -298572541,3.23); -174877135,3.23); -28287221,3.22); ]
3.24089816929
[(-674877135,3.23); -528287221,3.22); -450269382,3.22); -380598396,3.21); -269980883,3.21); -225568206,1.51); -76312040,1.51); 69110114,3.22); 169842915,3.22); 224561143,3.21); ]
2.88769999808
[(-880598396,3.21); -769980883,3.21); -725568206,1.51); -576312040,1.51); -430889886,3.22); -330157085,3.22); -275438857,3.21); -189250921,3.21); -24096625,3.23); 84141143,3.23); ]
2.83267533259
[(-830157085,3.22); -775438857,3.21); -689250921,3.21); -524096625,3.23); -415858857,3.23); -375807027,3.24); -249412582,3.24); -205406412,3.24); -85088427,3.23); -21116617,3.23); ]
3.19152061322
