[(-747098494,0.419); -495842640,0.418); -241005841,0.409); ]
0.418
[(-741005841,0.409); -479726601,0.414); -243128752,0.412); ]
0.412
[(-743128752,0.412); -494018898,0.421); -241233991,0.421); ]
0.421
[(-741233991,0.421); -489924992,0.421); -242892177,0.423); ]
0.421
[(-742892177,0.423); -481758426,0.424); -245337822,0.413); ]
0.423
[(-745337822,0.413); -494618036,0.438); -240013724,0.424); ]
0.424
[(-740013724,0.424); -488889471,0.442); -238039765,0.439); ]
0.439
[(-738039765,0.439); -490098014,0.458); -235245849,0.47); ]
0.458
[(-735245849,0.47); -490304266,0.471); -235964159,0.473); ]
0.471
[(-735964159,0.473); -483176068,0.48); -239882906,0.486); ]
0.48
[(-739882906,0.486); -489316877,0.481); -232324805,0.49); ]
0.486
[(-732324805,0.49); -490395183,0.492); -229990468,0.498); ]
0.492
[(-729990468,0.498); -482627218,0.495); -234103338,0.484); ]
0.495
[(-734103338,0.484); -488412452,0.497); -242044181,0.5); ]
0.497
[(-742044181,0.5); -483625283,0.494); -244534674,0.498); ]
0.498
[(-744534674,0.498); -483114969,0.493); -236321886,0.489); ]
0.493
[(-736321886,0.489); -479786530,0.494); -237917424,0.492); ]
0.492
[(-737917424,0.492); -465605547,0.495); -234170384,0.492); ]
0.492
[(-734170384,0.492); -489839065,0.497); -238708087,0.494); ]
0.494
[(-738708087,0.494); -490342030,0.498); -235907682,0.493); ]
