[(-350399042,0.); -346842058,0.); -260668984,0.); -257803683,0.); -63207292,0.); -60054111,0.); ]
0.
[(-454023981,0.); -441985313,0.); -250981128,0.); -248130419,0.); -141913595,0.); -134259330,0.); ]
0.
[(-497297804,0.); -489570616,0.); -327939737,0.); -317446782,0.); -149162960,0.); -144069321,0.); -62696472,0.); -59223283,0.); ]
0.
[(-385768250,0.); -376233691,0.); -259268402,0.); -255025051,0.); -47345042,0.); -41905432,0.); ]
0.
[(-462442102,0.); -454733525,0.); -307430600,0.); -299742652,0.); -138279460,0.); -134070831,0.); ]
0.
[(-416493923,0.); -403664855,0.); -313258715,0.); -305358403,0.); -210624046,0.); -207253057,0.); -49042660,45.); -40130046,30.); ]
0.359681903192
[(-327585251,75.); -317153017,105.); -239653260,105.); -232382169,165.); -60319533,105.); -56050609,165.); ]
0.645211754548
[(-454604942,165.); -440618392,180.); -300192835,120.); -294893851,135.); -157961560,120.); -153175727,135.); -1231623,105.); ]
0.645278727453
[(-495208717,105.); -326976061,135.); -317098088,210.); -203948028,135.); -199720510,150.); -61983209,135.); -53469546,150.); ]
0.64399075753
[(-378243995,105.); -371804324,180.); -259351501,120.); -255648708,165.); -40791222,120.); -33326861,165.); ]
0.644456445495
[(-452171500,135.); -432238468,150.); -264732926,105.); -255726056,195.); -157672255,150.); -153480088,135.); ]
0.645074983679
[(-457824287,150.); -453875465,135.); -342252583,105.); -328591802,165.); -211885783,120.); -203562726,135.); -39666578,120.); -23510559,135.); ]
0.644464981678
[(-341955717,150.); -331789847,135.); -207055912,120.); -199238524,135.); -99662700,75.); -93821584,60.); ]
0.644576467073
[(-460639115,75.); -451308237,60.); -256362273,15.); -251935484,60.); -157547113,15.); -153064474,30.); ]
0.644301472839
[(-471842535,15.); -467049665,30.); -348215626,0.); -337639084,0.); -158233144,0.); -147251910,0.); -56798751,0.); -51299773,0.); ]
0.
[(-363377875,0.); -356546439,0.); -257501453,0.); -252879634,0.); -40533333,0.); -35120909,0.); ]
0.
[(-454724385,0.); -445200550,0.); -280676711,0.); -276099945,0.); -158348747,0.); -153917329,0.); ]
0.
[(-445282672,0.); -437614984,0.); -339010396,0.); -328398484,0.); -209332384,0.); -204337835,0.); -2533122,0.); ]
0.
[(-497790547,0.); -376994206,0.); -365880347,0.); -262656998,0.); -253694110,0.); -108560191,0.); -100955465,0.); ]
0.
[(-442603494,0.); -429743264,0.); -305506734,0.); -299932240,0.); -126058645,0.); -121265127,0.); -6551342,0.); -2096832,0.); ]
0.
