[(-465759241,4.); -406487459,4.); -256402552,4.); -54450843,4.); ]
4.
[(-965759241,4.); -906487459,4.); -756402552,4.); -554450843,4.); -365676682,4.); -297960360,4.); -155195428,2.82); ]
3.80495656373
[(-1465759241,4.); -1406487459,4.); -1256402552,4.); -1054450843,4.); -865676682,4.); -797960360,4.); -655195428,2.82); -456175814,1.19); -356461504,1.19); -120689582,4.); ]
3.32189437286
[(-1365676682,4.); -1297960360,4.); -1155195428,2.82); -956175814,1.19); -856461504,1.19); -620689582,4.); -465645246,4.); -280305869,4.); -207825547,4.); -106542808,4.); ]
3.4037422259
[(-1456175814,1.19); -1356461504,1.19); -1120689582,4.); -965645246,4.); -780305869,4.); -707825547,4.); -606542808,4.); -456329584,4.); -279288404,4.); -65367372,4.); ]
4.
[(-1465645246,4.); -1280305869,4.); -1207825547,4.); -1106542808,4.); -956329584,4.); -779288404,4.); -565367372,4.); -478033189,4.); -265694791,4.); -151020461,3.91); ]
3.69163109977
[(-1456329584,4.); -1279288404,4.); -1065367372,4.); -978033189,4.); -765694791,4.); -651020461,3.91); -465656988,2.83); -341015511,4.); -165735963,4.); -78723314,4.); ]
4.
[(-1478033189,4.); -1265694791,4.); -1151020461,3.91); -965656988,2.83); -841015511,4.); -665735963,4.); -578723314,4.); -365689866,4.); -220416864,4.); -65438466,2.84); ]
4.
[(-1465656988,2.83); -1341015511,4.); -1165735963,4.); -1078723314,4.); -865689866,4.); -720416864,4.); -565438466,2.84); -434487502,2.84); -311944981,2.6); -201271168,2.6); ]
2.6
[(-1365689866,4.); -1220416864,4.); -1065438466,2.84); -934487502,2.84); -811944981,2.6); -701271168,2.6); -465519873,4.); -243234750,4.); -121793098,4.); -45333115,3.24); ]
4.
[(-1434487502,2.84); -1311944981,2.6); -1201271168,2.6); -965519873,4.); -743234750,4.); -621793098,4.); -545333115,3.24); -456362856,1.29); -268512946,1.07); -156075606,1.07); ]
2.19633287887
[(-1465519873,4.); -1243234750,4.); -1121793098,4.); -1045333115,3.24); -956362856,1.29); -768512946,1.07); -656075606,1.07); -382808778,1.88); -316872399,1.84); -205988084,1.84); ]
1.86854806999
[(-1456362856,1.29); -1268512946,1.07); -1156075606,1.07); -882808778,1.88); -816872399,1.84); -705988084,1.84); -465658930,1.85); -322586781,1.86); -256494068,1.86); -106514216,1.86); ]
1.71208863653
[(-1382808778,1.88); -1316872399,1.84); -1205988084,1.84); -965658930,1.85); -822586781,1.86); -756494068,1.86); -606514216,1.86); -361889261,1.85); -240379148,1.85); -65631903,1.85); ]
1.77304797746
[(-1465658930,1.85); -1322586781,1.86); -1256494068,1.86); -1106514216,1.86); -861889261,1.85); -740379148,1.85); -565631903,1.85); -404303849,1.85); -314706864,1.81); -179583449,1.85); ]
1.9914079001
