[(-796121143,2.); -546034724,2.); -295678899,2.); -46104003,2.); ]
1.25
[(-1296121143,2.); -1046034724,2.); -795678899,2.); -546104003,2.); -295416505,2.); -45977258,2.); ]
1.25
[(-1796121143,2.); -1546034724,2.); -1295678899,2.); -1046104003,2.); -795416505,2.); -545977258,2.); -295642113,2.); -45082880,2.); ]
1.25
[(-2296121143,2.); -2046034724,2.); -1795678899,2.); -1546104003,2.); -1295416505,2.); -1045977258,2.); -795642113,2.); -545082880,2.); -295290523,2.); -45738854,2.); ]
1.25
[(-2295678899,2.); -2046104003,2.); -1795416505,2.); -1545977258,2.); -1295642113,2.); -1045082880,2.); -795290523,2.); -545738854,2.); -295686710,2.); -45861307,2.); ]
1.25
[(-2295416505,2.); -2045977258,2.); -1795642113,2.); -1545082880,2.); -1295290523,2.); -1045738854,2.); -795686710,2.); -545861307,2.); -295501011,2.); -47976736,2.); ]
1.25
[(-2295642113,2.); -2045082880,2.); -1795290523,2.); -1545738854,2.); -1295686710,2.); -1045861307,2.); -795501011,2.); -547976736,2.); -295656914,2.); -45648767,2.); ]
1.25
[(-2295290523,2.); -2045738854,2.); -1795686710,2.); -1545861307,2.); -1295501011,2.); -1047976736,2.); -795656914,2.); -545648767,2.); -295215654,2.); -45797344,2.); ]
1.25
[(-2295686710,2.); -2045861307,2.); -1795501011,2.); -1547976736,2.); -1295656914,2.); -1045648767,2.); -795215654,2.); -545797344,2.); -295301824,2.); -46022001,2.); ]
1.25
[(-2295501011,2.); -2047976736,2.); -1795656914,2.); -1545648767,2.); -1295215654,2.); -1045797344,2.); -795301824,2.); -546022001,2.); -294762648,2.); -45144063,2.); ]
1.25
[(-2295656914,2.); -2045648767,2.); -1795215654,2.); -1545797344,2.); -1295301824,2.); -1046022001,2.); -794762648,2.); -545144063,2.); -294981694,2.); -44981639,2.); ]
1.25
[(-2295215654,2.); -2045797344,2.); -1795301824,2.); -1546022001,2.); -1294762648,2.); -1045144063,2.); -794981694,2.); -544981639,2.); -295396808,2.); -45049361,2.); ]
1.25
[(-2295301824,2.); -2046022001,2.); -1794762648,2.); -1545144063,2.); -1294981694,2.); -1044981639,2.); -795396808,2.); -545049361,2.); -294460425,2.); -47950462,2.); ]
1.25
[(-2294762648,2.); -2045144063,2.); -1794981694,2.); -1544981639,2.); -1295396808,2.); -1045049361,2.); -794460425,2.); -547950462,2.); -295619750,2.); -44466858,2.); ]
1.25
[(-2294981694,2.); -2044981639,2.); -1795396808,2.); -1545049361,2.); -1294460425,2.); -1047950462,2.); -795619750,2.); -544466858,2.); -295148000,2.); -45157514,2.); ]
1.25
[(-2295396808,2.); -2045049361,2.); -1794460425,2.); -1547950462,2.); -1295619750,2.); -1044466858,2.); -795148000,2.); -545157514,2.); -295573419,2.); -45291987,2.); ]
1.25
