[(-453736382,4.); -394976365,4.); -248550401,4.); -46265003,4.); ]
4.
[(-953736382,4.); -894976365,4.); -748550401,4.); -546265003,4.); -356535096,4.); -288080749,4.); -143251873,4.); ]
4.
[(-1453736382,4.); -1394976365,4.); -1248550401,4.); -1046265003,4.); -856535096,4.); -788080749,4.); -643251873,4.); -447597103,4.); -344656635,4.); -112775581,4.); ]
4.
[(-1356535096,4.); -1288080749,4.); -1143251873,4.); -947597103,4.); -844656635,4.); -612775581,4.); -452437235,4.); -271198287,4.); -192449840,4.); -98120657,4.); ]
4.
[(-1447597103,4.); -1344656635,4.); -1112775581,4.); -952437235,4.); -771198287,4.); -692449840,4.); -598120657,4.); -447080056,4.); -262056275,4.); -52749780,4.); ]
4.
[(-1452437235,4.); -1271198287,4.); -1192449840,4.); -1098120657,4.); -947080056,4.); -762056275,4.); -552749780,4.); -467756098,4.); -248258300,4.); -142235791,4.); ]
4.
[(-1447080056,4.); -1262056275,4.); -1052749780,4.); -967756098,4.); -748258300,4.); -642235791,4.); -452481046,4.); -332015081,1.07); -155222318,1.07); -67115087,0.98); ]
1.07
[(-1467756098,4.); -1248258300,4.); -1142235791,4.); -952481046,4.); -832015081,1.07); -655222318,1.07); -567115087,0.98); -351636277,4.); -212295554,4.); -56164556,2.83); ]
4.
[(-1452481046,4.); -1332015081,1.07); -1155222318,1.07); -1067115087,0.98); -851636277,4.); -712295554,4.); -556164556,2.83); -425162036,4.); -294604537,4.); -192308556,4.); ]
4.
[(-1351636277,4.); -1212295554,4.); -1056164556,2.83); -925162036,4.); -794604537,4.); -692308556,4.); -453578853,4.); -230642842,4.); -112480450,4.); -35808133,0.98); ]
4.
[(-1425162036,4.); -1294604537,4.); -1192308556,4.); -953578853,4.); -730642842,4.); -612480450,4.); -535808133,0.98); -445750663,3.88); -257273861,1.56); -142556544,1.56); ]
2.68579407989
[(-1453578853,4.); -1230642842,4.); -1112480450,4.); -1035808133,0.98); -945750663,3.88); -757273861,1.56); -642556544,1.56); -365176794,1.5); -305529781,1.86); -196941199,1.86); ]
1.99770046145
[(-1257273861,1.56); -1142556544,1.56); -865176794,1.5); -805529781,1.86); -696941199,1.86); -447853630,1.85); -305864467,1.85); -245011893,1.49); -97073496,1.49); 153693244,1.86); ]
1.70977381229
[(-947853630,1.85); -805864467,1.85); -745011893,1.49); -597073496,1.49); -346306756,1.86); -228189974,1.86); -52036056,1.86); 108138438,1.49); 193940534,1.86); 330551883,1.86); ]
1.72855373198
[(-1097073496,1.49); -846306756,1.86); -728189974,1.86); -552036056,1.86); -391861562,1.49); -306059466,1.86); -169448117,1.86); 55944156,1.86); 239088093,1.85); 324474344,1.86); ]
1.86448564261
[(-1228189974,1.86); -1052036056,1.86); -891861562,1.49); -806059466,1.86); -669448117,1.86); -444055844,1.86); -260911907,1.85); -175525656,1.86); -73317635,1.86); 150070559,1.86); ]
1.85203653017
