[(-523307057,2.); -275589285,2.); -23360050,2.); ]
1.25
[(-523360050,2.); -269154835,2.); -27053894,0.); ]
1.25
[(-527053894,0.); -275705858,2.); -6890608,2.); ]
1.25
[(-506890608,2.); -269054107,2.); -22822316,2.); ]
1.25
[(-522822316,2.); -239131307,2.); -22593683,0.474); ]
1.25
[(-522593683,0.474); -274485496,0.45); -29628148,0.465); ]
0.465
[(-529628148,0.465); -271473978,0.482); -22132298,0.514); ]
0.482
[(-522132298,0.514); -268234699,0.512); -22054374,0.542); ]
0.514
[(-522054374,0.542); -268260825,0.566); -25095852,0.527); ]
0.542
[(-525095852,0.527); -266794643,2.); -19938556,0.037); ]
0.527
[(-519938556,0.037); -274453498,2.); -20710867,2.); ]
1.25
[(-520710867,2.); -268472652,2.); -23527900,0.589); ]
1.25
[(-523527900,0.589); -262238661,2.); -27918347,0.019); ]
0.589
[(-527918347,0.019); -271755488,2.); -22644772,2.); ]
1.25
[(-522644772,2.); -272676010,2.); -23928732,2.); ]
1.25
[(-523928732,2.); -267809185,2.); -24084354,2.); ]
1.25
