[(-421940572,0.5); -412307997,0.5); -238638601,0.5); -213366910,0.5); -38495613,0.5); -4855082,0.5); ]
0.526264280115
[(-921940572,0.5); -912307997,0.5); -738638601,0.5); -713366910,0.5); -538495613,0.5); -504855082,0.5); -323555210,0.5); -312600058,0.5); -138632998,0.5); -111857483,0.5); ]
0.560259701632
[(-1004855082,0.5); -823555210,0.5); -812600058,0.5); -638632998,0.5); -611857483,0.5); -438496040,0.5); -405753120,4.); -296827896,0.5); -138620550,0.5); -73081655,0.5); ]
0.891134659877
[(-938496040,0.5); -905753120,4.); -796827896,0.5); -638620550,0.5); -573081655,0.5); -410447714,0.5); -265966541,0.5); -233421187,0.5); -137761993,0.5); -123513416,0.5); ]
0.963774685555
[(-765966541,0.5); -733421187,0.5); -637761993,0.5); -623513416,0.5); -438510042,0.5); -409016527,0.5); -282538346,0.5); -213145122,0.5); -14616362,0.56); -2274967,0.56); ]
0.56
[(-938510042,0.5); -909016527,0.5); -782538346,0.5); -713145122,0.5); -514616362,0.56); -502274967,0.56); -423383908,0.83); -202683896,0.83); -134852368,0.83); -105659082,0.83); ]
0.882885161479
[(-923383908,0.83); -702683896,0.83); -634852368,0.83); -605659082,0.83); -397324147,4.); -374026904,1.01); -294446420,1.01); -120220565,1.26); -59059900,1.26); -23407012,1.36); ]
1.26
[(-897324147,4.); -874026904,1.01); -794446420,1.01); -620220565,1.26); -559059900,1.26); -523407012,1.36); -297127739,1.36); -275758341,1.41); -174948888,1.41); -17763641,1.51); ]
1.41
[(-1023407012,1.36); -797127739,1.36); -775758341,1.41); -674948888,1.41); -517763641,1.51); -417188708,1.51); -384563755,1.71); -241310748,1.71); -223442946,2.3); -123421832,2.3); ]
2.3
[(-917188708,1.51); -884563755,1.71); -741310748,1.71); -723442946,2.3); -623421832,2.3); -391345599,2.06); -237078737,2.06); -180887651,2.06); -69885707,2.44); -61986328,2.44); ]
2.44
[(-891345599,2.06); -737078737,2.06); -680887651,2.06); -569885707,2.44); -561986328,2.44); -489094311,2.67); -406086049,2.67); -264703540,2.52); -211983399,2.52); -104042159,2.58); ]
2.66175216351
[(-989094311,2.67); -906086049,2.67); -764703540,2.52); -711983399,2.52); -604042159,2.58); -438508139,2.58); -309086716,2.61); -261261135,2.61); -187272826,2.88); -123423402,2.56); ]
2.85117343241
[(-623423402,2.56); -396794486,2.88); -380954330,2.88); -251068471,2.88); -206766223,2.88); -122186784,2.63); 61475187,2.63); 214675749,2.61); 243509789,2.61); 309874259,2.61); ]
2.70663908895
[(-896794486,2.88); -880954330,2.88); -751068471,2.88); -706766223,2.88); -622186784,2.63); -438524813,2.63); -285324251,2.61); -256490211,2.61); -190125741,2.61); -10774974,2.89); ]
2.81696895008
[(-938524813,2.63); -785324251,2.61); -756490211,2.61); -690125741,2.61); -510774974,2.89); -390082181,2.89); -350038756,2.88); -267508489,2.88); -223457954,2.89); -122498084,2.89); ]
2.7908137139
[(-850038756,2.88); -767508489,2.88); -723457954,2.89); -622498084,2.89); -401384774,2.9); -268186216,2.9); -208435032,2.9); -135359257,2.9); -112743240,2.9); -23517641,2.9); ]
2.97433183103
