[(-424197854,0.98); -414548668,0.97); -244298823,0.97); -219524211,0.98); -43514700,0.98); -10592453,0.98); ]
0.935578226741
[(-924197854,0.98); -914548668,0.97); -744298823,0.97); -719524211,0.98); -543514700,0.98); -510592453,0.98); -324949620,0.98); -313962523,0.99); -140139798,0.99); -113791120,0.99); ]
0.997787840886
[(-1010592453,0.98); -824949620,0.98); -813962523,0.99); -640139798,0.99); -613791120,0.99); -442480732,1.02); -410997805,1.02); -296569828,0.98); -141204563,0.98); -79012697,0.99); ]
0.917219699415
[(-942480732,1.02); -910997805,1.02); -796569828,0.98); -641204563,0.98); -579012697,0.99); -410578168,0.99); -270005293,1.); -238091833,1.); -143662408,0.98); -128911994,0.98); ]
1.10523777231
[(-770005293,1.); -738091833,1.); -643662408,0.98); -628911994,0.98); -442438275,1.03); -410558389,1.03); -275179525,0.99); -214812429,0.99); -18529650,0.81); -6314923,0.81); ]
0.81
[(-942438275,1.03); -910558389,1.03); -775179525,0.99); -714812429,0.99); -518529650,0.81); -506314923,0.81); -423815723,0.88); -203885428,0.88); -136294772,1.); -110493640,1.); ]
1.06672665182
[(-923815723,0.88); -703885428,0.88); -636294772,1.); -610493640,1.); -394242018,1.); -372579824,1.06); -295798712,1.06); -124994419,1.23); -63733975,1.23); -24094299,1.41); ]
1.23
[(-894242018,1.); -872579824,1.06); -795798712,1.06); -624994419,1.23); -563733975,1.23); -524094299,1.41); -295226460,1.41); -274635270,1.5); -180286508,1.5); -18821770,1.64); ]
1.5
[(-1024094299,1.41); -795226460,1.41); -774635270,1.5); -680286508,1.5); -518821770,1.64); -421744157,1.64); -359047767,1.89); -243610181,1.89); -224240389,2.16); -127627093,2.16); ]
2.16
[(-921744157,1.64); -859047767,1.89); -743610181,1.89); -724240389,2.16); -627627093,2.16); -387150389,2.09); -236012971,2.09); -180258757,2.09); -75411683,2.42); -67636878,2.42); ]
2.42
[(-887150389,2.09); -736012971,2.09); -680258757,2.09); -575411683,2.42); -567636878,2.42); -488199860,1.56); -410910298,1.56); -261661762,2.54); -212868514,2.54); -108382109,2.77); ]
2.57754765876
[(-988199860,1.56); -910910298,1.56); -761661762,2.54); -712868514,2.54); -608382109,2.77); -438761806,2.77); -308014660,1.75); -266397037,1.75); -192474172,2.86); -126831943,2.86); ]
2.63279250279
[(-938761806,2.77); -808014660,1.75); -766397037,1.75); -692474172,2.86); -626831943,2.86); -401743350,2.62); -379234677,2.62); -249131058,2.82); -211856161,2.82); -127311278,2.62); ]
2.9224625198
[(-901743350,2.62); -879234677,2.62); -749131058,2.82); -711856161,2.82); -627311278,2.62); -442384523,2.62); -275914366,2.62); -260408128,2.62); -194600697,2.62); -15495210,2.63); ]
2.67520561546
[(-942384523,2.62); -775914366,2.62); -760408128,2.62); -694600697,2.62); -515495210,2.63); -390984528,2.63); -350014322,2.63); -265436434,2.63); -227563872,0.06); -127359542,2.62); ]
2.36073530019
[(-765436434,2.63); -727563872,0.06); -627359542,2.62); -405580322,2.82); -265236571,2.82); -208186287,2.84); -128140113,2.84); -113289591,2.83); -27721988,2.83); 205626246,2.84); ]
2.51250267489
