[(-497781086,0.413); -249555504,0.419); -1909348,0.41); ]
0.413
[(-501909348,0.41); -238276308,0.424); -1721880,0.4); ]
0.41
[(-738276308,0.424); -501721880,0.4); -249942942,0.424); ]
0.424
[(-749942942,0.424); -483846825,0.41); -241106932,0.421); ]
0.421
[(-495800223,0.42); -210241914,0.405); -927861,0.405); ]
0.405
[(-500927861,0.405); -252095095,0.397); -10018174,0.373); ]
0.397
[(-752095095,0.397); -510018174,0.373); -243226118,0.358); ]
0.373
[(-743226118,0.358); -499398344,0.344); -244365683,0.324); ]
0.344
[(-744365683,0.324); -499829016,0.292); -237970315,0.274); ]
0.292
[(-737970315,0.274); -499742722,0.251); -243544896,0.243); ]
0.251
[(-743544896,0.243); -496619327,0.228); -247631664,0.223); ]
0.228
[(-747631664,0.223); -496951883,0.227); -239013897,0.223); ]
0.223
[(-495701432,0.225); -237536419,0.227); -6465397,0.225); ]
0.225
[(-737536419,0.227); -506465397,0.225); -249040329,0.226); ]
0.226
