[(-459493086,0.); -455764328,0.); -400806885,0.); -397185979,0.); -250650995,0.); -247768004,0.); -47111197,0.); -43370401,0.); ]
0.
[(-362025875,0.); -358114358,0.); -287759661,0.); -283438901,0.); -149082229,0.); -145684736,0.); ]
0.
[(-448167912,0.); -444601103,0.); -342466105,0.); -332697223,0.); -114335788,0.); -111278983,0.); ]
0.
[(-456937172,0.); -452833339,0.); -272451368,0.); -268050518,0.); -187620502,0.); -177344530,0.); -103270917,0.); -100027688,0.); ]
0.
[(-451659645,0.); -443693248,0.); -260244146,0.); -253346016,0.); -57930818,45.); -53621450,45.); ]
0.362632514005
[(-468716436,45.); -464714274,45.); -245856249,105.); -237317817,135.); -147265016,150.); -140023168,150.); ]
0.644638443836
[(-445390369,150.); -438853747,150.); -336790304,105.); -328952525,210.); -161089123,120.); -154067739,135.); -72864595,120.); -65578765,180.); ]
0.645428376312
[(-349542310,120.); -338979723,180.); -213697184,105.); -210097827,105.); -57263110,165.); -52955804,150.); ]
0.64510085867
[(-425773031,165.); -420889592,150.); -293698707,120.); -284582704,180.); -197426691,120.); -189684011,135.); ]
0.64509262494
[(-447020838,120.); -434182329,165.); -228342493,120.); -218143804,165.); -112506280,90.); -108807537,150.); -36223743,150.); -31185862,135.); ]
0.645322648927
[(-449683998,150.); -441308097,135.); -256356982,75.); -247117373,90.); -147247106,75.); -139250985,75.); ]
0.645139757967
[(-362789710,45.); -350522498,30.); -309708175,45.); -300892963,30.); -197990207,15.); -193668055,15.); ]
0.644785961232
[(-442099047,0.); -432362459,30.); -303687885,0.); -292788588,30.); -249412326,0.); -245605380,0.); -97326056,0.); -93005607,0.); ]
0.
[(-344399237,0.); -328862777,0.); -232997634,0.); -225230950,0.); -56935086,0.); -47408005,0.); ]
0.
[(-396139294,0.); -390809121,0.); -306933774,0.); -302569661,0.); -169018160,0.); -159177337,0.); ]
0.
[(-445425821,0.); -436585354,0.); -258391761,0.); -250776675,0.); -180080280,0.); -171744950,0.); -77274738,0.); -69005204,0.); ]
0.
[(-347383425,0.); -336209565,0.); -158266128,0.); -149358092,0.); -77502489,0.); -72838989,0.); ]
0.
