[(-937401396,2.); -685203788,2.); -434550445,2.); ]
1.25
[(-1437401396,2.); -1185203788,2.); -934550445,2.); -243188676,2.); -204387108,2.); -170261538,2.); ]
1.25
[(-1937401396,2.); -1685203788,2.); -1434550445,2.); -743188676,2.); -704387108,2.); -670261538,2.); -434099708,2.); -184337954,2.); ]
1.25
[(-2437401396,2.); -2185203788,2.); -1934550445,2.); -1243188676,2.); -1204387108,2.); -1170261538,2.); -934099708,2.); -684337954,2.); -434733851,2.); -184855935,2.); ]
1.25
[(-2434550445,2.); -1743188676,2.); -1704387108,2.); -1670261538,2.); -1434099708,2.); -1184337954,2.); -934733851,2.); -684855935,2.); -434650335,2.); -184575083,2.); ]
1.25
[(-2204387108,2.); -2170261538,2.); -1934099708,2.); -1684337954,2.); -1434733851,2.); -1184855935,2.); -934650335,2.); -684575083,2.); -434569300,2.); -184859177,2.); ]
1.25
[(-2434099708,2.); -2184337954,2.); -1934733851,2.); -1684855935,2.); -1434650335,2.); -1184575083,2.); -934569300,2.); -684859177,2.); -433642754,2.); -184896691,2.); ]
1.25
[(-2434733851,2.); -2184855935,2.); -1934650335,2.); -1684575083,2.); -1434569300,2.); -1184859177,2.); -933642754,2.); -684896691,2.); -433725116,2.); -184762751,2.); ]
1.25
[(-2434650335,2.); -2184575083,2.); -1934569300,2.); -1684859177,2.); -1433642754,2.); -1184896691,2.); -933725116,2.); -684762751,2.); -433298674,1.129); -184858783,0.981); ]
1.129
[(-2434569300,2.); -2184859177,2.); -1933642754,2.); -1684896691,2.); -1433725116,2.); -1184762751,2.); -933298674,1.129); -684858783,0.981); -433708434,0.833); -184036116,0.672); ]
0.833
[(-2433642754,2.); -2184896691,2.); -1933725116,2.); -1684762751,2.); -1433298674,1.129); -1184858783,0.981); -933708434,0.833); -684036116,0.672); -433282281,0.507); -183491508,0.335); ]
0.507
[(-2433725116,2.); -2184762751,2.); -1933298674,1.129); -1684858783,0.981); -1433708434,0.833); -1184036116,0.672); -933282281,0.507); -683491508,0.335); -433389416,0.185); -184544742,0.101); ]
0.185
[(-2433298674,1.129); -2184858783,0.981); -1933708434,0.833); -1684036116,0.672); -1433282281,0.507); -1183491508,0.335); -933389416,0.185); -684544742,0.101); -433249936,0.072); -184702748,0.083); ]
0.083
[(-2433708434,0.833); -2184036116,0.672); -1933282281,0.507); -1683491508,0.335); -1433389416,0.185); -1184544742,0.101); -933249936,0.072); -684702748,0.083); -433854277,0.081); -184773472,0.084); ]
0.243395781739
