[(-455423565,1.01); -429272053,1.01); -370621182,1.01); -269565323,1.02); ]
0.961390018248
[(-955423565,1.01); -929272053,1.01); -870621182,1.01); -769565323,1.02); 237823115,1.); ]
1.03911970436
[(-1455423565,1.01); -1429272053,1.01); -1370621182,1.01); -1269565323,1.02); -262176885,1.); -198002868,1.); 17463325,1.01); 152812893,1.01); 247882995,1.01); ]
1.05168133217
[(-698002868,1.); -482536675,1.01); -347187107,1.01); -252117005,1.01); -191969228,1.); -108394101,1.01); -15902609,1.01); 101538838,1.01); 248380109,1.01); 292941208,1.01); ]
0.992981874221
[(-691969228,1.); -608394101,1.01); -515902609,1.01); -398461162,1.01); -251619891,1.01); -207058792,1.01); -118450967,1.01); -58478812,1.01); 34163658,1.01); 70062846,0.99); ]
1.01
[(-898461162,1.01); -751619891,1.01); -707058792,1.01); -618450967,1.01); -558478812,1.01); -465836342,1.01); -429937154,0.99); -271618331,0.99); -129249734,0.93); -63570603,2.16); ]
0.99
[(-1118450967,1.01); -1058478812,1.01); -965836342,1.01); -929937154,0.99); -771618331,0.99); -629249734,0.93); -563570603,2.16); -419889516,0.68); -271823096,0.68); -129482493,0.58); ]
0.68
[(-1271618331,0.99); -1129249734,0.93); -1063570603,2.16); -919889516,0.68); -771823096,0.68); -629482493,0.58); -437158704,0.44); -325289826,0.44); -175761612,1.61); -2668458,1.48); ]
1.48
[(-1563570603,2.16); -1419889516,0.68); -1271823096,0.68); -1129482493,0.58); -937158704,0.44); -825289826,0.44); -675761612,1.61); -502668458,1.48); -308267862,1.48); -196789708,1.37); ]
1.48
[(-1437158704,0.44); -1325289826,0.44); -1175761612,1.61); -1002668458,1.48); -808267862,1.48); -696789708,1.37); -491819016,1.23); -308745540,1.09); -223695223,1.09); -93462734,0.97); ]
1.09
[(-1502668458,1.48); -1308267862,1.48); -1196789708,1.37); -991819016,1.23); -808745540,1.09); -723695223,1.09); -593462734,0.97); -474761971,0.82); -239198608,0.7); -124063976,0.7); ]
0.7
[(-1308745540,1.09); -1223695223,1.09); -1093462734,0.97); -974761971,0.82); -739198608,0.7); -624063976,0.7); -494320766,0.57); -371393536,0.43); -142814026,0.43); -64998565,0.32); ]
0.43
[(-1474761971,0.82); -1239198608,0.7); -1124063976,0.7); -994320766,0.57); -871393536,0.43); -642814026,0.43); -564998565,0.32); -393280337,0.19); -242554894,0.11); -124719987,0.11); ]
0.11
[(-1371393536,0.43); -1142814026,0.43); -1064998565,0.32); -893280337,0.19); -742554894,0.11); -624719987,0.11); -379253849,0.06); -301754067,0.06); -179368922,0.06); -27745504,0.07); ]
0.06
[(-1564998565,0.32); -1393280337,0.19); -1242554894,0.11); -1124719987,0.11); -879253849,0.06); -801754067,0.06); -679368922,0.06); -527745504,0.07); -301521541,0.07); -196818888,0.07); ]
0.0958598075313
