[(-472963596,1.03); -443925635,1.03); -385653483,1.03); -287903327,1.03); ]
0.99777214789
[(-972963596,1.03); -943925635,1.03); -885653483,1.03); -787903327,1.03); -59045668,1.04); ]
1.08692090913
[(-1472963596,1.03); -1443925635,1.03); -1385653483,1.03); -1287903327,1.03); -559045668,1.04); -224791844,1.04); -100,1.03); 133629880,1.04); 229029722,1.04); 287626390,1.02); ]
0.974368278683
[(-1787903327,1.03); -1059045668,1.04); -724791844,1.04); -500000100,1.03); -366370120,1.04); -270970278,1.04); -212373610,1.02); -123866448,1.03); -32021894,1.03); 83115357,1.03); ]
1.05422966095
[(-712373610,1.02); -623866448,1.03); -532021894,1.03); -416884643,1.03); -273544643,1.02); -222635851,1.04); -138011313,1.04); -74558759,1.04); 13770369,1.02); 49887932,1.); ]
1.02
[(-916884643,1.03); -773544643,1.02); -722635851,1.04); -638011313,1.04); -574558759,1.04); -486229631,1.02); -450112068,1.); -295989648,1.); -144314551,0.95); -78471791,2.14); ]
1.
[(-1138011313,1.04); -1074558759,1.04); -986229631,1.02); -950112068,1.); -795989648,1.); -644314551,0.95); -578471791,2.14); -445628244,2.14); -288504193,2.); -145097371,1.86); ]
2.
[(-1295989648,1.); -1144314551,0.95); -1078471791,2.14); -945628244,2.14); -788504193,2.); -645097371,1.86); -459822031,1.73); -345656477,1.73); -195853772,1.6); -20332412,1.47); ]
1.6
[(-1445628244,2.14); -1288504193,2.); -1145097371,1.86); -959822031,1.73); -845656477,1.73); -695853772,1.6); -520332412,1.47); -333641918,1.34); -212769697,1.34); -12951404,1.21); ]
1.34
[(-1459822031,1.73); -1345656477,1.73); -1195853772,1.6); -1020332412,1.47); -833641918,1.34); -712769697,1.34); -512951404,1.21); -329412238,1.13); -238799076,1.13); -113014940,0.95); ]
1.13
[(-1333641918,1.34); -1212769697,1.34); -1012951404,1.21); -829412238,1.13); -738799076,1.13); -613014940,0.95); -495492341,0.84); -260203335,0.69); -139965109,0.69); -12871269,0.55); ]
0.69
[(-1329412238,1.13); -1238799076,1.13); -1113014940,0.95); -995492341,0.84); -760203335,0.69); -639965109,0.69); -512871269,0.55); -395466466,0.43); -158011451,0.43); -80320149,0.29); ]
0.43
[(-1495492341,0.84); -1260203335,0.69); -1139965109,0.69); -1012871269,0.55); -895466466,0.43); -658011451,0.43); -580320149,0.29); -413001896,0.17); -257975273,0.09); -144894544,0.); ]
0.09
[(-1395466466,0.43); -1158011451,0.43); -1080320149,0.29); -913001896,0.17); -757975273,0.09); -644894544,0.); -404271555,0.05); -331801805,0.05); -195355159,0.05); -44145698,0.05); ]
0.05
[(-1413001896,0.17); -1257975273,0.09); -1144894544,0.); -904271555,0.05); -831801805,0.05); -695355159,0.05); -544145698,0.05); -324588813,0.05); -212800853,0.05); -12807017,0.05); ]
0.163597910173
[(-1331801805,0.05); -1195355159,0.05); -1044145698,0.05); -824588813,0.05); -712800853,0.05); -512807017,0.05); -387355403,0.05); -244038176,0.05); -112935724,0.05); 12873785,0.05); ]
0.160373133371
[(-1324588813,0.05); -1212800853,0.05); -1012807017,0.05); -887355403,0.05); -744038176,0.05); -612935724,0.05); -487126215,0.05); -266412908,0.06); -164191745,0.06); -12970198,0.); ]
0.00922112594092
[(-1387355403,0.05); -1244038176,0.05); -1112935724,0.05); -987126215,0.05); -766412908,0.06); -664191745,0.06); -512970198,0.); -368383940,0.05); -244917234,0.05); -65835432,0.05); ]
0.0695901898595
[(-1487126215,0.05); -1266412908,0.06); -1164191745,0.06); -1012970198,0.); -868383940,0.05); -744917234,0.05); -565835432,0.05); -412924371,0.06); -291349309,0.06); -120601820,0.06); ]
0.00492015160439
[(-1512970198,0.); -1368383940,0.05); -1244917234,0.05); -1065835432,0.05); -912924371,0.06); -791349309,0.06); -620601820,0.06); -450474144,0.05); -312945712,0.06); -112951911,0.06); ]
0.0819632113008
[(-1412924371,0.06); -1291349309,0.06); -1120601820,0.06); -950474144,0.05); -812945712,0.06); -612951911,0.06); -474340536,0.06); -330543684,0.06); -212796906,0.06); -95553597,0.); ]
0.0298854703483
[(-1450474144,0.05); -1312945712,0.06); -1112951911,0.06); -974340536,0.06); -830543684,0.06); -712796906,0.06); -595553597,0.); -365174246,0.05); -278214411,0.06); -112979575,0.05); ]
0.0037977224754
[(-1330543684,0.06); -1212796906,0.06); -1095553597,0.); -865174246,0.05); -778214411,0.06); -612979575,0.05); -489727533,0.05); -287405202,0.06); -161056572,0.06); -12897778,0.06); ]
0.0252925790893
[(-1365174246,0.05); -1278214411,0.06); -1112979575,0.05); -989727533,0.05); -787405202,0.06); -661056572,0.06); -512897778,0.06); -346541467,0.05); -244758831,0.05); -61374519,0.05); ]
0.119184411573
