[(-908974959,2.); -581444695,2.); -337658244,2.); ]
1.25
[(-207483478,2.); -174376295,2.); -139874690,0.495); ]
1.25
[(-639874690,0.495); -407036748,2.); -156293463,2.); ]
1.25
[(-656293463,2.); -395070668,2.); -156070961,2.); ]
1.25
[(-656070961,2.); -405671710,2.); -150201867,2.); ]
1.25
[(-650201867,2.); -405706127,2.); -157466022,0.452); ]
1.25
[(-657466022,0.452); -401366035,2.); -154543739,2.); ]
1.25
[(-654543739,2.); -400345628,0.277); -153580817,0.383); ]
0.383
[(-653580817,0.383); -397741301,2.); -157214730,0.307); ]
0.383
[(-657214730,0.307); -404455350,2.); -143314736,2.); ]
1.25
[(-643314736,2.); -398469008,2.); -146176433,2.); ]
1.25
[(-646176433,2.); -395060583,2.); -153042950,2.); ]
1.25
[(-653042950,2.); -395776169,2.); -152793592,2.); ]
1.25
[(-652793592,2.); -403295989,2.); -155589391,2.); ]
1.25
[(-655589391,2.); -405612393,2.); -154886159,2.); ]
1.25
[(-654886159,2.); -405049635,2.); -155840025,2.); ]
1.25
[(-655840025,2.); -388667617,2.); -154034185,2.); ]
1.25
[(-654034185,2.); -400567524,2.); -151266142,2.); ]
1.25
[(-651266142,2.); -405369620,2.); -154957360,2.); ]
1.25
[(-654957360,2.); -397795414,2.); -151157046,2.); ]
1.25
[(-651157046,2.); -401753574,2.); -154508916,2.); ]
1.25
[(-654508916,2.); -402441687,2.); -154635577,2.); ]
1.25
[(-654635577,2.); -391175325,2.); -150251289,2.); ]
1.25
[(-650251289,2.); -402217721,2.); -151786442,2.); ]
1.25
