[(-475537435,0.18); -448326597,0.18); -424185157,0.18); -371486340,0.18); -361766183,0.18); -264037507,0.18); -238309230,0.18); ]
0.148293090821
[(-975537435,0.18); -948326597,0.18); -924185157,0.18); -871486340,0.18); -861766183,0.18); -764037507,0.18); -738309230,0.18); -358011431,0.18); ]
0.233408430713
[(-1264037507,0.18); -1238309230,0.18); -858011431,0.18); -207003407,0.18); 2271207,0.18); 17301624,0.18); 156003801,0.18); 191334137,0.18); 252142788,0.18); 302841930,0.18); ]
0.21347299369
[(-308665863,0.18); -247857212,0.18); -197158070,0.18); -113103684,0.18); -101552919,0.18); -10202883,0.18); 25295178,0.18); 84138585,0.18); 98497675,0.18); 158981478,0.18); ]
0.221721403943
[(-474704822,0.18); -415861415,0.18); -401502325,0.18); -341018522,0.18); -256654846,0.18); -199326796,0.18); -123355001,0.18); -115100468,0.18); -51626319,0.18); -19827506,0.18); ]
0.18
[(-615100468,0.18); -551626319,0.18); -519827506,0.18); -463548867,0.18); -429815916,0.19); -295647958,0.19); -279267758,0.22); -125691583,0.22); -94801110,0.31); -59065330,0.31); ]
0.31
[(-795647958,0.19); -779267758,0.22); -625691583,0.22); -594801110,0.31); -559065330,0.31); -482509546,0.45); -286163026,0.45); -271316962,0.58); -137270838,0.58); -85006110,0.71); ]
0.58
[(-982509546,0.45); -786163026,0.45); -771316962,0.58); -637270838,0.58); -585006110,0.71); -443976471,0.71); -375343692,0.84); -235675412,0.84); -185195049,0.96); -8529110,0.96); ]
0.96
[(-943976471,0.71); -875343692,0.84); -735675412,0.84); -685195049,0.96); -508529110,0.96); -460188516,0.96); -314033346,1.09); -263560262,1.09); -129990096,1.22); -82179165,1.22); ]
1.22
[(-960188516,0.96); -814033346,1.09); -763560262,1.09); -629990096,1.22); -582179165,1.22); -312153085,1.36); -261664408,1.36); -219623006,1.5); -184700908,1.5); -26263030,1.62); ]
1.5
[(-812153085,1.36); -761664408,1.36); -719623006,1.5); -684700908,1.5); -526263030,1.62); -476562517,1.62); -239862349,1.75); -188879160,1.75); -121321968,1.9); -84807217,1.9); ]
1.9
[(-976562517,1.62); -739862349,1.75); -688879160,1.75); -621321968,1.9); -584807217,1.9); -414190648,2.03); -381600430,2.03); -135232908,2.17); -105504523,2.17); -68577755,2.17); ]
2.17
[(-914190648,2.03); -881600430,2.03); -635232908,2.17); -605504523,2.17); -568577755,2.17); -480077156,2.31); -253824699,2.31); -239129427,0.36); -136704958,0.36); -77584897,0.4); ]
0.36
[(-980077156,2.31); -753824699,2.31); -739129427,0.36); -636704958,0.36); -577584897,0.4); -395390972,0.4); -319483903,0.42); -193013095,0.42); -180601534,0.41); -22412335,0.41); ]
0.41
[(-895390972,0.4); -819483903,0.42); -693013095,0.42); -680601534,0.41); -522412335,0.41); -480237681,0.41); -308096261,0.41); -247855923,0.41); -111990325,0.41); -80633718,0.41); ]
0.403953647571
[(-808096261,0.41); -747855923,0.41); -611990325,0.41); -580633718,0.41); -367099330,0.41); -330053364,0.41); -223245861,0.41); -184173959,0.41); -25684047,0.41); 18862403,0.41); ]
0.386034480375
[(-867099330,0.41); -830053364,0.41); -723245861,0.41); -684173959,0.41); -525684047,0.41); -481137597,0.41); -245958001,0.41); -204708458,0.41); -145007011,0.41); -79710563,0.41); ]
0.417160932033
[(-981137597,0.41); -745958001,0.41); -704708458,0.41); -645007011,0.41); -579710563,0.41); -368344690,0.41); -351357323,0.41); -227319526,0.41); -184220866,0.41); -45629967,0.41); ]
0.289613286501
[(-868344690,0.41); -851357323,0.41); -727319526,0.41); -684220866,0.41); -545629967,0.41); -476299895,0.41); -291789293,0.41); -271763913,0.41); -99127206,0.41); -64664320,0.41); ]
0.387882561291
[(-1045629967,0.41); -976299895,0.41); -791789293,0.41); -771763913,0.41); -599127206,0.41); -564664320,0.41); -429371607,0.41); -365752655,0.41); -224927924,0.41); -180992832,0.41); ]
0.30383367538
[(-929371607,0.41); -865752655,0.41); -724927924,0.41); -680992832,0.41); -457173056,0.41); -393348645,0.41); -308722929,0.41); -273283988,0.41); -91240885,0.41); -78384006,0.41); ]
0.400308878911
[(-893348645,0.41); -808722929,0.41); -773283988,0.41); -591240885,0.41); -578384006,0.41); -348072102,0.41); -308231936,0.41); -255520982,0.41); -177933367,0.41); -33826852,0.41); ]
0.34253124346
[(-848072102,0.41); -808231936,0.41); -755520982,0.41); -677933367,0.41); -533826852,0.41); -474578749,0.41); -266232005,0.41); -228320086,0.41); -138375010,0.41); -84592273,0.41); ]
0.399239163952
[(-974578749,0.41); -766232005,0.41); -728320086,0.41); -638375010,0.41); -584592273,0.41); -339674906,0.41); -324341779,0.41); -227080442,0.41); -184140664,0.41); -38678697,0.41); ]
0.354057472234
