[(-478683165,0.17); -447092204,0.17); -423270338,0.17); -371017941,0.17); -364585395,0.17); -263693286,0.17); -241042281,0.17); ]
0.228146441933
[(-978683165,0.17); -947092204,0.17); -923270338,0.17); -871017941,0.17); -864585395,0.17); -763693286,0.17); -741042281,0.17); -435762359,0.17); ]
0.191492805895
[(-1447092204,0.17); -1423270338,0.17); -1371017941,0.17); -1364585395,0.17); -1263693286,0.17); -1241042281,0.17); -935762359,0.17); -214551929,0.17); -4715847,0.17); 15284792,0.17); ]
0.321757274793
[(-714551929,0.17); -504715847,0.17); -484715208,0.17); -349829206,0.17); -310890980,0.17); -251803233,0.17); -207622190,0.17); -113226010,0.17); -101478437,0.17); -10973629,0.17); ]
0.221210950585
[(-475467532,0.17); -431930505,0.17); -406394100,0.17); -348767442,0.17); -258391387,0.17); -206182637,0.17); -127471339,0.17); -115688661,0.17); -55549210,0.17); -23360558,0.17); ]
0.146464430922
[(-615688661,0.17); -555549210,0.17); -523360558,0.17); -466092829,0.17); -430414258,0.18); -301617813,0.18); -285568853,0.23); -125073051,0.23); -94401343,0.31); -58684824,0.31); ]
0.31
[(-801617813,0.18); -785568853,0.23); -625073051,0.23); -594401343,0.31); -558684824,0.31); -485077418,0.44); -291003401,0.44); -276551432,0.59); -140015244,0.59); -85173127,0.73); ]
0.59
[(-985077418,0.44); -791003401,0.44); -776551432,0.59); -640015244,0.59); -585173127,0.73); -448716873,0.73); -385227222,0.85); -235185419,0.85); -185369548,0.99); -18807568,0.99); ]
0.99
[(-948716873,0.73); -885227222,0.85); -735185419,0.85); -685369548,0.99); -518807568,0.99); -462685841,0.99); -318285630,1.1); -265721706,1.1); -129563191,1.23); -82326405,1.23); ]
1.23
[(-962685841,0.99); -818285630,1.1); -765721706,1.1); -629563191,1.23); -582326405,1.23); -317294155,1.38); -264029685,1.38); -219222863,1.51); -185053870,1.51); -33419747,1.63); ]
1.51
[(-817294155,1.38); -764029685,1.38); -719222863,1.51); -685053870,1.51); -533419747,1.63); -482272435,1.63); -244786198,1.78); -195191274,1.78); -121663822,1.9); -85000114,1.9); ]
1.9
[(-982272435,1.63); -744786198,1.78); -695191274,1.78); -621663822,1.9); -585000114,1.9); -415761791,2.04); -382296851,2.04); -134864091,2.19); -105059347,2.19); -68299446,2.19); ]
2.19
[(-915761791,2.04); -882296851,2.04); -634864091,2.19); -605059347,2.19); -568299446,2.19); -482202456,2.34); -259860365,2.34); -240440471,2.43); -136814929,2.43); -82312555,2.5); ]
2.43
[(-982202456,2.34); -759860365,2.34); -740440471,2.43); -636814929,2.43); -582312555,2.5); -405959762,2.5); -331319235,2.5); -193006501,2.5); -181092756,2.5); -22506360,2.5); ]
2.5
[(-905959762,2.5); -831319235,2.5); -693006501,2.5); -681092756,2.5); -522506360,2.5); -481391177,2.51); -314900133,2.51); -249739934,2.51); -116409049,2.51); -82222153,2.52); ]
2.48711826286
[(-981391177,2.51); -814900133,2.51); -749739934,2.51); -616409049,2.51); -582222153,2.52); -367384970,2.52); -334495979,2.52); -229255678,2.52); -185023898,2.52); -26206574,2.51); ]
2.42693065406
[(-867384970,2.52); -834495979,2.52); -729255678,2.52); -685023898,2.52); -526206574,2.51); -482292779,2.51); -251876673,2.52); -208923059,2.52); -149577172,2.51); -84864224,2.51); ]
2.51757707474
[(-982292779,2.51); -751876673,2.52); -708923059,2.52); -649577172,2.51); -584864224,2.51); -375999138,2.52); -354282510,2.52); -229156515,2.51); -184954045,2.51); -50163756,2.51); ]
2.52458257124
[(-875999138,2.52); -854282510,2.52); -729156515,2.51); -684954045,2.51); -550163756,2.51); -482214715,2.51); -294830593,2.51); -277669357,2.51); -99495965,2.52); -65313576,2.52); ]
2.53695075293
[(-1050163756,2.51); -982214715,2.51); -794830593,2.51); -777669357,2.51); -599495965,2.52); -565313576,2.52); -434401112,2.5); -371940893,2.5); -224928310,2.51); -182056242,2.51); ]
2.60210421927
[(-934401112,2.5); -871940893,2.5); -724928310,2.51); -682056242,2.51); -458592199,2.51); -397084292,2.5); -309116683,2.5); -273557606,2.51); -99408648,2.51); -82095855,2.52); ]
2.57668036006
[(-897084292,2.5); -809116683,2.5); -773557606,2.51); -599408648,2.51); -582095855,2.52); -351695169,2.52); -312488498,2.5); -261016089,2.5); -182085776,2.5); -34050746,2.5); ]
2.49835283533
[(-851695169,2.52); -812488498,2.5); -761016089,2.5); -682085776,2.5); -534050746,2.5); -481443723,2.52); -271855105,2.52); -232793708,2.51); -139333934,2.51); -84925871,2.5); ]
2.40793993818
[(-981443723,2.52); -771855105,2.52); -732793708,2.51); -639333934,2.51); -584925871,2.5); -345913349,2.5); -329306849,2.51); -227656885,2.51); -185031603,2.51); -44831210,2.52); ]
2.50286789038
