[(-194230093,2.); -158577237,2.); -122645176,2.); ]
1.25
[(-622645176,2.); -390972224,2.); -139996079,2.); ]
1.25
[(-639996079,2.); -376594234,2.); -137841201,2.); ]
1.25
[(-637841201,2.); -390486599,2.); -133925081,2.); ]
1.25
[(-633925081,2.); -389927410,2.); -142023505,2.); ]
1.25
[(-642023505,2.); -387368034,2.); -138335090,2.); ]
1.25
[(-638335090,2.); -382250781,2.); -141537341,2.); ]
1.25
[(-641537341,2.); -377935074,0.183); -141523196,0.051); ]
0.183
[(-641523196,0.051); -389446097,0.046); -126529130,2.); ]
0.051
[(-626529130,2.); -383161933,2.); -127896720,2.); ]
1.25
[(-627896720,2.); -377901304,2.); -140356476,2.); ]
1.25
[(-640356476,2.); -376756951,2.); -140774409,2.); ]
1.25
[(-640774409,2.); -384510208,2.); -137606165,2.); ]
1.25
[(-637606165,2.); -389019357,2.); -137641077,2.); ]
1.25
[(-637641077,2.); -386775650,2.); -139942375,2.); ]
1.25
[(-639942375,2.); -365605497,2.); -135593283,2.); ]
1.25
[(-635593283,2.); -385862053,2.); -137397033,2.); ]
1.25
[(-637397033,2.); -387195507,2.); -141513479,2.); ]
1.25
[(-641513479,2.); -374423414,2.); -135265669,2.); ]
1.25
[(-635265669,2.); -383338697,0.583); -143017560,2.); ]
1.25
[(-643017560,2.); -382739552,2.); -136748933,2.); ]
1.25
[(-636748933,2.); -370818772,2.); -136141910,2.); ]
1.25
[(-636141910,2.); -387541297,2.); -139478355,2.); ]
1.25
