[(-463698099,0.); -457191890,0.); -432685600,0.); -429082414,0.); -378086742,0.); -371473762,0.); -277097657,0.); -273522506,0.); ]
0.
0.34878449627
[(-259901138,0.); -253609639,0.); -196874094,0.); -187623242,0.); ]
0.
[(-484931445,0.); -480505637,0.); -353304020,0.); -348885045,0.); -258019282,0.); -252407411,0.); -197877089,0.); -190239250,0.); -111203951,0.); -107497869,0.); -17616093,0.); -13025082,0.); ]
0.
[(-398557149,0.); -388372627,0.); -255737855,0.); -247176788,0.); -213888424,0.); -205384160,0.); -124993585,0.); -120654092,0.); -64897584,0.); -56802031,0.); ]
0.
[(-472178475,0.); -467943956,0.); -435117235,30.); -416711147,0.); -271541095,45.); -255334989,30.); -135532620,90.); -131415651,105.); -70027953,90.); -65684700,0.); ]
0.
[(-418350136,150.); -409151286,135.); -274894086,150.); -271460390,135.); -136974074,150.); -130207914,135.); ]
0.644442848084
[(-442548334,135.); -437939872,180.); -325730719,120.); -315496043,135.); -181637902,105.); -172938973,150.); -7865698,105.); ]
0.645077174721
[(-498120960,150.); -312930690,135.); -304242392,135.); -199499579,90.); -195280747,195.); ]
0.644591515514
[(-497633691,90.); -491284996,195.); -312813018,120.); -303359352,150.); -229837261,135.); -226182407,150.); -100363694,120.); -96278596,150.); ]
0.64538421809
[(-478424401,120.); -468649988,150.); -242463475,150.); -233246109,135.); -126274663,150.); -121264149,165.); 297911,150.); ]
0.645126508742
[(-490968541,165.); -369320825,120.); -361050224,135.); -145535959,135.); -141961048,180.); -67954259,120.); -64590976,165.); ]
0.644824730192
[(-386090235,120.); -372270289,165.); -248503798,135.); -244646021,105.); -131331516,45.); -126702865,105.); ]
0.644106415524
[(-378898438,45.); -371350730,105.); -300684933,15.); -286377431,30.); -185746878,30.); -178300771,0.); -25488521,0.); -20285363,0.); ]
0.
[(-301299047,0.); -290248926,0.); -202121297,0.); -196466589,0.); ]
0.
[(-497894315,0.); -491840764,0.); -372688033,0.); -368918974,0.); -229934289,0.); -225535390,0.); -99292240,0.); -95720528,0.); ]
0.
[(-473559064,0.); -469674245,0.); -251881337,0.); -243666079,0.); -146912520,0.); -138637906,0.); ]
0.
[(-497366245,0.); -493005100,0.); -349365661,0.); -339890953,0.); -230053680,0.); -225862435,0.); -44807990,0.); -39404557,0.); ]
0.
[(-395405936,0.); -379298742,0.); -275920251,0.); -271375048,0.); -107084667,0.); -102926635,0.); ]
0.
[(-432632505,0.); -415442379,0.); -298535360,0.); -294401514,0.); -86796355,0.); -74334090,0.); ]
0.
[(-453309662,0.); -442418883,0.); -315910916,0.); -311524173,0.); -194522822,0.); -185585883,0.); -33850126,0.); -25792973,0.); ]
0.
[(-351550084,0.); -347354555,0.); -264548544,0.); -259674795,0.); -103776677,0.); -100303944,0.); ]
0.
[(-476430912,0.); -472577328,0.); -273424869,0.); -267520803,0.); -139169174,0.); -127623924,0.); ]
0.
[(-497048045,0.); -482961957,0.); -332524484,0.); -327693856,0.); -230722533,0.); -226897117,0.); -51835926,0.); -39718076,0.); ]
0.
[(-393368490,0.); -384575670,0.); -285129143,0.); -277336252,0.); -111790889,0.); -104212766,0.); ]
0.
